25
29 904 443
-21 -87 32 -3 -67 73 79 -7 76 58 -20 40 -5 -18 -45 -64 82 -1 23 -54 3 49 28 -59 80 -83 36 15 71 -19 70 -51 -55 -48 -4 -72 75 -26 21 50 82 51 -60 -74 83 -55 -38 64 -5 35 61 98 -16 -12 -62 -37 5 74 28 -74 -95 -52 -25 -100 0 72 -72 -76 96 0 24 28 -50 64 54 84 -91 67 47 -46 1 7 -49 35 45 -11 48 -100 -87 -24 -74 69 24 -49 69 74 -78 47 98 69 -54 21 -4 -53 -65 -51 81 95 66 27 -52 -33 85 -1 -99 -21 38 50 -21 1 76 -45 -31 -51 7 88 -78 -21 35 70 -53 31 -60 43 28 -75 43 8 -81 8 86 -83 25 70 -34 27 99 -96 -74 -72 -45 -99 -17 25 -100 40 12 -78 -81 97 42 -34 28 32 60 -45 58 -48 14 27 60 -1 45 -15 -82 -90 62 -84 65 38 -56 -80 -11 -22 -5 -11 -83 57 -39 -64 54 -98 -47 -69 34 63 -64 -59 -86 50 69 74 -52 13 -92 -84 -27 20 84 -62 -43 78 -92 46 -45 -47 85 -77 -91 -55 -41 13 -53 -38 -6 32 -76 31 23 -62 -70 -9 63 -71 54 21 -55 -73 -59 -72 -85 -52 -94 74 45 -89 -74 29 -66 -65 75 -56 -1 72 6 93 -47 -19 -27 77 19 4 -83 -69 33 72 53 78 49 44 57 64 42 13 -13 -64 24 13 66 59 -2 -10 53 97 -39 -92 40 -35 -11 -88 -59 59 16 -92 40 -52 80 -8 77 -22 86 -17 92 -22 96 -22 14 19 91 -21 -73 -11 19 80 -65 81 89 75 96 -73 88 -64 86 -47 95 26 -48 75 68 -72 -48 4 -39 95 82 -44 -28 -55 75 -37 -25 53 2 94 32 37 24 -30 12 19 -52 -51 5 84 2 0 9 4 -76 -73 -18 -74 -19 43 -80 -88 99 -7 -43 74 6 32 -24 -93 -24 -93 44 100 -72 -95 19 -24 -96 -77 -41 7 -27 19 -90 -3 -4 -7 24 77 -65 44 39 85 87 96 8 -8 -22 84 -1 54 41 94 3 69 99 -79 95 -97 96 -96 -40 -32 -27 -80 16 69 -37 -61 -5 -51 33 84 -67 20 29 41 62 57 -26 -39 10 -86 -96 -87 34 53 85 -22 6 80 -18 66 99 5 37 14 -77 50 3 -32 99 86 -49 82 -45 81 -28 -83 37 46 -72 98 11 -68 61 -56 85 -5 22 -59 -75 55 57 -77 -41 -7 -13 -67 94 40 1 92 -25 53 24 31 -17 46 48 70 -58 26 17 53 58 -73 97 -8 23 -32 33 48 73 -10 21 83 33 58 -85 26 -53 -34 -32 22 69 42 -48 -49 -13 50 72 29 -25 -12 -69 83 16 -73 -25 89 -54 58 36 69 98 -94 51 31 64 16 -44 -90 83 -26 32 51 -85 35 53 -47 -16 24 82 60 62 -87 -8 -73 91 67 -85 87 -25 1 56 -28 7 -44 -98 -80 73 -91 81 5 -67 13 -45 -51 98 58 2 -19 -19 -67 91 94 97 -17 71 38 100 37 24 -26 -63 -71 -3 -5 -14 -1 -35 -92 -42 -54 13 -8 9 18 -9 6 -24 43 87 7 26 28 -50 23 61 -79 -40 60 58 34 85 45 64 -19 90 100 30 -45 58 39 1 -80 81 -91 38 -29 15 64 64 -49 -79 -11 79 -29 62 -11 -58 72 -51 50 6 84 -5 -81 -36 -16 -82 94 -11 76 32 40 46 12 49 -17 33 -87 98 -54 -85 69 36 44 90 -53 -67 -68 -81 -68 82 25 -85 -74 -6 -21 -39 12 -78 50 -63 5 -10 83 67 89 -85 0 53 63 -4 68 -19 -69 -39 -29 -71 -6 -47 -52 26 85 23 41 62 -84 70 -78 -22 93 22 -35 -53 62 98 -87 1 -88 -37 -47 26 60 71 -94 41 82 -73 70 -24 -20 68 52 -85 -10 -57 77 -44 -88 99 34 55 -30 99 -99 -68 96 66 33 59 -72 36 -66 38 6 91 -71 -13 -82 99 13 -52 17 -35 -37 -94 -42 -61 -87 -30 88 47 76 -42 -4 27 -10 -59 -8 73 100 -29 8 84 59 64 75 88 -50 93 37 14 91 -47 29 -46 -91 87 -57 -78 -94 82 70 82 -61 -85 -41 -21 -44 51 -99 -94 72 9 90 31 -28 64 18 -28 6 -96 36 -3 -43 -36 51 -33 -50 44 -61 -93 25 59 39 14 74 98 43 -70 -1 44 -64 -30 -48 -75 -100 -26 40 -31 47 -55 -27 -68 42 -19 -3 -58 48 -3 37 37 4 -39 -4 -57 26 -31 91 -32 -51 -11 -88 -15 60 -86 -39 10 -61 -100 79 36 96 -98 68
-7501 625
1443 360
1185 374
1991 686
-6043 396
836 809
7487 271
9433 8
-4000 485
2642 855
-2977 4
-6719 440
-5112 318
-3400 320
-3735 498
6241 741
-7521 791
-4378 443
-8843 324
3560 586
5063 206
-1033 571
3698 368
516 828
4066 663
-9116 863
5357 888
-2490 470
-1005 776
51 976 4939
-80 -93 92 -4 -100 44 -41 -51 -4 0 83 77 65 89 49 -58 80 -95 -78 -55 90 -3 -49 74 28 64 -34 68 80 34 -9 51 -9 -67 -54 -9 77 -45 -10 -28 55 -78 99 20 62 -3 12 41 3 34 36 -58 -70 87 -84 8 50 -18 -75 -20 66 17 81 -94 50 77 -53 -24 -68 -13 -1 87 -41 -3 -44 -80 95 69 61 -3 -48 -53 -11 -17 -67 -45 41 34 -13 67 64 -98 -17 44 -92 83 20 -95 -42 52 -8 57 -11 2 -96 45 22 99 13 -17 -55 66 -20 34 99 -37 90 39 47 -24 -45 10 -21 38 -97 -63 -30 -26 94 29 76 -65 -65 -36 37 -61 60 -41 88 -78 -8 83 38 72 17 36 -66 -44 -75 82 -18 -20 -59 11 69 -55 -1 -62 -31 -8 17 -56 27 3 9 -36 42 -32 -27 -20 -10 65 -38 -72 -14 29 14 -30 85 -11 -99 -83 70 -57 28 38 -62 77 26 7 -32 -57 1 46 46 -91 60 -63 -73 -68 17 -32 47 30 -54 -68 -42 60 -48 94 100 -46 -90 69 -53 -12 -44 -65 -35 82 -8 -17 75 93 -72 20 -98 88 8 80 -81 75 -53 66 4 -57 48 63 54 51 56 53 -96 16 21 -99 -97 27 -64 -82 8 28 2 -67 20 30 3 -28 -32 -90 -48 -13 86 -51 -97 -61 -57 1 -99 97 -49 7 49 -95 73 -81 -94 27 -4 93 45 -97 20 97 87 91 -23 -10 -88 45 0 -36 -69 -65 -36 85 -75 -43 -14 77 -47 -13 -16 52 -7 -94 21 -51 33 -84 93 -22 70 12 -76 57 -48 1 -54 -35 -55 -4 -21 -23 -18 -7 -89 7 50 -53 -17 53 35 17 4 78 24 -76 77 -94 91 69 -16 61 -69 9 17 -17 60 13 -2 -95 59 78 -68 -60 -30 -57 -3 71 -9 31 23 76 98 -73 3 21 -99 -21 -22 93 99 62 3 -71 -80 70 -38 81 -18 61 36 -60 -12 68 -69 58 -90 -22 -22 -49 -92 -99 77 -94 79 -21 -23 30 9 55 -28 7 -33 75 -14 -63 44 48 68 76 -42 3 67 46 -80 98 -46 -69 -75 32 -68 -66 33 -91 91 -39 -62 -83 92 47 73 -37 -47 90 89 39 77 -18 -63 45 -42 -5 98 -76 92 -82 72 -55 -51 97 27 -69 81 -90 91 71 -29 -71 89 -88 76 11 -74 80 -50 -86 -32 -74 -4 5 71 4 51 69 28 42 87 -51 37 86 -54 -37 67 -74 -27 58 48 -5 87 -14 7 12 97 33 -9 -54 47 60 -28 94 -86 94 -3 65 62 76 -44 -2 -76 43 -67 -80 -94 100 98 -71 57 45 24 -7 -70 -69 -95 77 14 -4 -78 -39 -95 -56 -96 -80 -63 -49 35 49 -74 42 97 -99 -16 -71 72 -10 -71 69 -30 86 -37 94 -21 -7 75 -66 -81 -11 -20 92 0 -14 -64 -46 -44 -77 5 41 23 -18 -18 19 -17 67 -1 -46 -94 28 74 -24 -37 -64 -80 -8 -20 95 26 -1 -67 -94 -9 -17 -58 -23 37 -52 -50 93 89 23 -26 -79 93 7 88 -9 61 94 -82 -16 -80 -19 21 -60 74 51 85 -51 -51 69 -95 -10 -49 98 17 39 -55 18 31 85 -60 55 -95 -68 -39 43 23 -79 -14 41 -44 6 73 77 -4 -4 27 -69 -5 26 50 1 67 51 -2 -17 -11 -6 -100 70 -72 -59 24 -67 -77 85 76 47 57 -39 -63 -88 18 60 89 64 -45 -35 95 1 41 44 -99 7 -5 -51 41 34 -7 41 4 21 32 78 4 6 63 -21 -48 19 -9 -61 -19 -92 100 -31 72 -96 -16 17 5 75 -40 -44 -18 5 -44 -78 -61 49 13 -7 -80 96 -30 24 1 -68 54 3 1 -56 -8 82 -98 -59 -100 24 -54 -66 -60 1 -91 -49 8 -59 56 64 -87 45 -38 -24 88 -18 -29 -42 57 22 -60 10 75 -8 54 -33 -27 6 8 -76 -71 4 -42 -30 56 -83 -29 -37 -42 77 77 -29 22 89 48 9 -29 69 17 78 -59 58 -13 -85 -51 91 -68 -28 -4 -9 -4 25 45 5 45 0 -28 -85 13 31 93 -61 52 -36 -72 -1 23 -51 -82 91 -74 -41 48 13 -76 47 3 -93 69 49 -2 -85 -27 93 20 69 -57 42 84 56 -28 26 96 75 40 74 -77 -37 -78 -59 -47 -52 -50 51 11 -25 -53 64 -68 -85 12 -20 -70 35 -28 0 3 15 -58 -13 -79 -36 63 67 -62 3 40 -38 16 62 3 19 60 4 -81 -30 79 -34 -67 61 -69 -5 -60 -38 -71 12 12 -17 78 54 20 99 -82 -18 65 -94 85 -46 -32 -50 -85 22 69 75 -75 88 95 54 -97 78 14 -65 -28 54 -53 -49 -85 59 34 93 -37 -47 41 -69 -14 5 -63 -80 59 -44 -29 24 78 90 -52 53 78 93 -44 31 70 20 66 92 -77 -88 -57 -62 22 27 82 85 81 22 -85 -34 78 -48 -14 -14 8 7 61 -65 -3 -92 38 -76
9165 590
7660 198
7775 790
7378 9
4001 836
2694 961
2377 762
-7547 603
-1111 134
-6353 179
-5381 808
-8096 402
-3014 555
-6309 412
1581 744
-2448 840
1657 226
-1019 961
7539 85
-1491 233
-2414 588
-7370 540
-1255 352
2157 336
-8276 793
7629 505
-5971 44
8659 853
-5355 919
9597 196
-2059 63
4413 439
9803 124
6470 329
3472 787
2600 522
-99 173
-5260 901
1476 14
-6279 405
2701 170
-3016 825
-5398 233
5187 573
1713 752
2914 625
-4347 830
-7029 128
4440 272
-3484 923
-1860 779
21 996 7220
20 -37 64 42 20 17 -32 -23 93 -49 -68 30 -10 22 -70 44 -70 -11 59 -100 -87 -12 54 -37 -22 -41 59 -64 -66 25 15 54 88 -22 -55 -42 45 14 -15 -12 65 -33 -83 -95 89 99 -1 70 -13 -42 70 0 46 -26 13 74 -17 -29 61 -33 96 -25 71 34 3 -85 42 -52 29 77 36 -6 -56 3 -51 83 -49 48 52 38 -95 -28 88 2 -4 1 -25 79 22 86 -55 -32 -40 -85 -99 64 81 -7 62 10 -31 -53 54 -37 0 -98 -54 52 50 98 -61 6 -81 78 -93 15 -72 -68 -7 0 -82 -12 68 -72 -47 19 42 -66 -89 -47 44 -69 0 -53 -6 51 -51 40 -48 99 -12 -59 4 7 69 -39 73 97 -6 -35 -53 -38 4 -86 -10 57 34 -68 91 -5 -15 -16 -24 36 31 71 -64 80 -40 -12 29 48 -21 -68 -95 -52 -6 78 95 38 93 -59 50 -4 -44 -61 -97 40 -79 44 85 -43 79 -89 43 9 32 79 -61 92 -84 18 -10 -5 0 -55 -7 44 -78 -12 -19 65 29 -70 -89 35 -80 -86 -76 92 8 60 -52 -14 71 91 46 2 19 35 -57 35 -48 33 81 2 78 -27 -54 50 61 27 -35 -60 8 -24 25 -22 -60 50 -31 -2 9 18 85 -71 -42 -20 -19 78 -86 24 -38 -84 -93 -58 18 85 16 64 -15 -24 -59 0 -34 -1 26 92 77 16 41 -55 -87 100 13 48 79 22 -73 -41 -1 92 83 61 -93 90 54 -24 25 -31 90 60 -5 -70 -41 62 -21 35 53 -45 -50 -57 -49 -37 93 14 62 71 86 89 -71 -16 81 62 96 38 2 49 64 77 68 54 36 -38 34 45 -77 -87 -21 26 -82 -21 19 -81 -8 11 -16 -47 -19 -31 93 -40 4 23 73 -51 -90 -26 98 75 -50 15 -22 36 77 -89 -70 51 75 -41 -74 44 38 46 63 -71 -44 -54 -67 -12 -34 -75 48 70 -2 -30 -82 8 44 66 -68 44 -20 10 -21 -94 22 -41 7 -54 18 34 90 -45 -21 3 -65 -15 -1 -82 73 65 94 -29 34 -9 41 2 49 -65 -33 82 79 -3 -9 -92 -46 63 -33 61 60 86 -6 49 91 23 -49 76 -92 51 94 81 15 87 -49 100 -73 93 -49 77 78 -31 58 56 66 99 14 70 12 82 31 -29 17 75 -81 -43 -2 -79 -67 6 72 77 -64 -64 64 -12 86 91 -70 -63 17 -93 6 -26 13 -79 -77 -73 92 35 59 22 -95 -75 -4 75 -18 94 96 -35 -51 17 -58 -14 54 56 24 39 -4 54 76 -87 11 -69 -13 -77 -47 10 -100 -56 95 59 16 100 84 -89 75 -84 56 20 -19 55 -63 -27 -60 91 -72 64 -21 25 -33 -95 -12 78 -64 25 52 -11 -65 52 -17 80 -39 99 80 -56 -90 4 -90 16 74 -58 -30 -90 15 -39 51 -6 -76 -70 69 -58 -65 -44 70 -79 81 21 11 66 -77 44 46 -16 43 -25 -22 3 29 -11 -82 2 -19 -62 -37 96 -1 -87 -61 -26 -57 -93 16 -72 -87 -15 -100 45 57 -39 -40 80 -96 56 -87 47 -70 -9 -51 9 30 -83 62 -90 -94 -76 57 5 -63 96 29 -69 54 -56 -91 17 -20 -91 -89 -64 -30 -28 66 -25 -73 79 72 -92 -81 72 17 0 39 -72 10 45 -48 -84 -100 -10 -88 29 -29 16 24 -20 83 -97 -60 95 90 10 -34 55 35 -7 -17 -43 -49 2 -72 69 -99 17 47 -38 -38 100 -22 -38 -61 -60 41 10 56 -36 40 39 -33 80 33 -44 -60 49 61 25 -59 -57 32 -7 46 60 -89 -3 -73 58 59 -11 7 88 1 46 -73 92 -95 84 -44 -4 -28 -27 -75 55 -20 -85 3 -60 41 -6 -16 -78 37 80 83 -2 -24 60 -94 86 -52 13 73 -1 -91 100 -10 65 33 -4 -40 55 70 -64 -41 -51 -49 62 -61 42 -94 23 65 43 -48 -3 92 -21 -44 98 -36 -46 -40 87 53 -31 36 93 85 -31 -11 -56 74 -92 -70 -67 -93 -18 45 -54 74 51 20 -12 -56 22 85 -65 -100 91 -68 -36 -56 -8 -100 47 12 37 -10 -4 56 29 -10 29 37 21 62 -6 53 7 -10 -24 -93 -91 65 -49 32 -1 -14 -18 -10 18 47 -16 61 -3 82 -28 -67 -29 68 89 50 -93 18 -64 28 -71 30 -70 -14 -81 7 -6 80 -29 45 -39 20 -69 43 -91 -1 -61 -56 -91 37 -75 -19 20 -54 99 9 96 -94 77 -69 -16 -95 11 15 -8 -20 72 86 -91 -58 -20 -80 12 -39 14 22 11 53 16 20 -61 41 -99 10 37 50 -82 -18 56 95 -37 91 50 74 5 92 -97 -24 27 -87 -32 -93 84 80 -82 -3 -49 29 -100 67 -51 90 -43 -100 -1 44 50 17 -75 -44 -39 -12 -54 62 -89 51 53 -85 77 -20 79 95 -63 62 74 -45 -91 76 85 -91 -8 84 99 50 84 -2 -57 -17 65 -31 39 77 57 85 38 19 -15 -60 -16 -89 -30 -88 -95 -43 24 30 13 33 5 -53 42
3460 232
-2889 75
-7006 672
997 422
1320 717
3345 52
9187 523
-4670 262
-8569 293
-5342 903
-5431 194
-5380 313
1647 292
2700 206
-9497 106
4912 698
-614 126
-7894 896
-6720 771
-389 659
5931 621
52 963 1000
84 -86 91 -80 28 -32 -42 -36 93 50 -41 -24 62 10 10 76 -67 -78 -46 22 79 91 40 -58 -26 -81 24 -87 50 94 60 33 58 50 3 -15 69 11 -1 11 -39 8 87 73 68 -53 48 52 -81 53 -27 99 -7 63 91 68 83 14 31 32 -43 -60 -86 -85 41 -33 -50 9 79 0 70 -61 58 7 62 26 54 10 -73 73 -38 0 21 5 -38 11 -28 95 75 -98 -24 -68 94 -10 98 34 8 -53 93 -14 -3 62 -25 -45 -32 -64 31 -79 -4 58 45 8 -43 -35 -87 -31 77 -15 -36 1 -62 40 33 -69 81 30 15 -12 28 7 24 -76 -32 99 -71 -13 85 60 -42 -19 -33 -98 89 24 -82 -99 44 95 -63 -93 -5 -25 -3 79 -44 -73 -42 71 -35 86 -23 89 61 -5 37 40 82 22 0 -60 -98 17 93 41 -59 -90 43 35 55 80 -8 -100 -96 89 79 -40 67 87 81 -69 23 -43 71 -17 2 7 73 -66 -72 -78 -26 81 40 -84 -28 31 -73 65 -35 82 -6 57 82 -2 -5 10 8 -39 -3 -12 -57 -81 -5 -87 -48 47 20 -76 81 -1 -53 -96 -71 87 -79 1 -33 -52 -35 32 -71 59 -62 62 -44 33 -29 14 95 18 52 88 37 -54 -100 89 94 20 64 74 -82 61 29 99 47 50 -1 64 98 65 -5 77 -27 33 -12 -20 -35 60 94 -91 -73 46 47 65 42 47 3 -15 -33 -34 -91 -65 -74 38 -67 23 -13 -17 -14 -66 -53 31 61 20 -37 -51 50 -21 59 44 -62 86 -61 86 0 81 32 -97 -34 49 -81 -25 35 97 -88 18 19 -51 -100 56 -67 98 -14 94 18 0 93 -83 29 51 61 17 -13 100 -48 87 31 35 40 97 -67 60 -79 68 56 84 -14 -76 -68 -14 30 -85 -16 67 -92 52 -34 -99 69 45 2 -20 -89 39 -21 -36 26 -91 99 -35 56 -69 75 77 50 30 10 -65 5 -8 -29 -66 7 55 -100 -34 -44 -84 -33 -75 61 19 -45 73 -42 34 87 34 -6 85 49 100 66 24 27 15 -97 -64 0 8 29 72 -7 86 26 -7 -49 33 10 -32 8 -80 88 63 43 96 -4 29 29 40 -37 -23 -10 80 51 -84 -6 55 -98 95 -38 31 66 55 -33 -59 99 18 74 -42 37 -19 -22 -26 94 72 -31 -60 -50 48 80 -36 75 -31 -57 26 -65 -13 -20 -62 -69 -8 19 47 98 86 89 96 -46 12 -97 41 44 -69 -86 37 -98 -67 77 -47 31 7 17 5 26 10 81 62 97 -90 100 -72 3 18 75 -50 -46 13 96 -42 76 99 99 19 -71 -88 -95 -68 96 33 -65 26 -61 2 81 65 -89 62 -24 58 72 -75 86 -76 -6 11 -26 48 74 -31 -95 49 -83 54 -33 -53 16 -77 -71 11 56 -36 87 95 16 67 9 -23 -22 36 -66 -50 61 71 -76 -46 -69 -1 -99 -96 18 57 54 36 10 71 83 76 44 -89 -14 -1 -75 -78 -57 -9 90 3 68 -33 -62 52 -33 99 -28 -8 -47 3 41 -96 -42 -42 12 62 44 72 32 26 48 -74 -13 84 25 -38 -94 19 3 46 -79 -30 63 -41 73 -70 -93 95 -28 -90 -52 -88 66 6 -80 -23 -33 65 99 49 -60 46 75 -22 -20 -50 -10 -14 69 94 -69 90 -87 94 99 36 74 56 31 96 67 79 -93 32 -66 79 59 -49 -7 57 100 -17 -47 25 11 33 25 -99 69 -7 45 50 -68 8 -7 81 -56 -33 36 75 -88 2 3 -80 84 37 49 -8 88 -59 -51 37 -26 -48 -39 86 35 86 37 3 -72 -69 -98 -40 39 -5 91 83 12 27 57 25 79 -91 -5 13 46 94 -96 33 85 -97 -30 -42 -45 -19 94 90 -83 30 -58 -55 61 -56 -44 0 -10 97 -68 -99 23 90 -24 -48 49 21 65 -5 14 69 -73 -2 73 -53 57 78 29 50 68 -4 -70 60 -9 41 -96 -3 -60 -6 -6 -27 -55 -84 -88 -28 -32 61 93 83 -95 7 52 -67 55 -26 -70 11 -49 9 -89 69 -96 -59 29 -4 32 -17 43 73 27 -64 96 22 -97 58 94 -79 -32 37 -96 -26 94 6 -43 48 80 -63 -41 81 47 -80 0 1 -89 -72 47 43 -39 -10 -35 88 26 -40 9 29 68 -47 51 87 90 55 -40 83 -90 -33 30 90 4 39 20 -50 59 -81 2 70 98 -52 -37 -42 38 28 -55 -86 39 55 43 6 -93 -57 -8 47 48 2 29 58 19 -42 -3 -77 98 -83 -77 6 87 25 -24 85 74 -11 -58 -39 -84 -12 -25 55 93 69 -89 50 -89 -47 -4 60 6 -76 -33 -76 -68 65 -53 80 32 -79 -14 18 46 12 2 -31 -100 45 31 -84 83 56 22 75 24 33 -26 36 86 70 -55 -9 44 -38 -34 76 -74 13 56 58 -16 -59 -74
7601 232
6295 340
8391 880
1299 638
-663 587
3270 795
-3807 411
-5279 879
9874 650
4397 940
8119 228
-2694 117
-1969 602
-787 721
-206 237
8588 324
-3188 384
-9695 855
7621 706
-6733 214
-2358 368
3263 675
-3331 74
-2062 641
5570 89
9339 347
3218 492
-1631 567
5335 432
4963 932
-8760 311
6244 360
5874 569
6975 609
5595 5
-2108 254
-9500 92
-9208 374
-7141 169
7433 114
8508 857
5837 760
856 148
6694 518
2950 875
5041 83
-1073 2
-316 141
5275 881
-7986 496
-3099 796
-8454 870
10 3 4
7 -4 -1
-10 0
-7 0
-7 0
-4 0
-3 0
1 0
2 0
5 0
-5 1
4 2
13 377 82
6 47 -54 -37 64 63 -59 44 -15 -24 -3 -13 -77 33 94 18 11 -53 93 30 47 -70 37 36 -86 -53 -17 -15 87 -55 -75 -8 42 -79 56 6 84 47 -51 -81 -78 -4 6 96 -72 0 13 -10 -3 5 -81 -57 -15 7 79 -51 54 -89 -16 40 -44 -41 82 99 -20 37 -46 -36 -67 -47 -67 -45 -1 39 -50 -23 89 13 67 -15 68 37 28 -48 -57 -44 -48 47 -33 36 -64 -26 96 -83 -28 -25 5 -24 -11 38 -21 22 94 78 -89 94 -46 100 -43 72 -15 -76 8 63 -23 1 -81 -21 -53 -64 -86 -17 10 -91 0 32 -15 55 58 74 -7 -64 -54 -64 -87 -43 -71 -82 -94 -64 90 -59 -39 -53 -96 -12 48 74 67 45 -91 81 78 -30 91 -73 52 -75 83 10 99 -25 46 95 11 10 -49 -10 28 -92 27 17 -51 38 14 -97 -75 -39 77 92 56 37 22 -17 57 12 10 8 -13 -8 -83 -14 17 64 -70 78 -77 -68 -82 51 -60 -5 -83 -11 -68 31 -7 -43 42 -81 99 -53 6 -30 30 -38 33 -61 71 -81 -18 38 -45 49 1 -14 27 24 18 45 -76 8 -61 -59 47 -79 22 -61 -72 -87 -91 -74 -40 15 -54 90 28 79 80 -2 99 -39 -65 -47 -91 -13 39 -14 61 -94 -70 86 14 -81 77 -39 -60 -51 -50 -32 -38 -91 -56 23 -25 -9 12 -98 -81 -9 0 -83 2 -15 -29 12 22 60 98 -17 17 79 -82 81 48 45 92 39 94 93 57 -94 -99 -99 29 -24 -58 91 -22 -39 -68 28 -71 34 64 -50 96 -15 60 94 18 -24 22 -14 -93 -81 82 99 58 25 41 15 31 43 -34 -41 69 -42 -50 -53 19 -18 25 48 66 -12 48 62 24 8 5 92 84 77 -72 41 96 -91 40 54 34 -20 -32 -85 73 -16 -26 42 42 -26 39 -40 6 -37 59 -28 2
5517 219
289 26
-2442 329
7368 105
8844 146
3454 166
7495 26
9563 177
-1735 102
-1973 97
1547 364
-5873 235
2122 13
93 253 7666
-35 -67 23 70 99 -44 -1 -69 99 12 100 87 26 -13 13 19 48 30 -60 -29 59 50 50 -67 82 -61 -50 47 35 10 -16 50 -7 57 19 -59 63 -83 -28 61 -21 -78 -2 56 9 61 -26 -94 -10 14 -23 -51 -87 77 -68 45 -84 -67 -9 1 43 75 -50 87 -18 69 -73 -56 36 -50 56 65 -28 -97 -30 31 64 45 37 -47 -92 -87 -48 -78 41 -65 67 57 -32 -92 -93 61 33 -43 47 -86 76 25 -91 -39 75 15 -75 97 18 -4 27 -19 91 -87 -16 49 -74 -13 21 17 22 -62 -27 90 -54 -20 50 79 -13 -53 44 -38 72 53 -27 -4 -83 -1 -58 35 45 69 66 -15 32 100 -67 8 -14 5 -75 58 43 -2 47 89 29 -53 17 66 -56 -40 79 -85 63 -49 -39 80 50 3 -36 -56 -79 80 29 53 80 13 -40 -85 -83 -15 74 60 34 -30 -2 -88 -33 65 78 11 76 56 26 38 58 37 -32 -43 -61 -18 2 -40 -38 81 63 92 -7 -77 -94 10 -42 80 -81 92 -100 -33 54 -33 -68 -18 79 -93 88 -46 -5 45 92 63 -98 -70 96 -46 -59 -43 -66 54 -52 28 77 -96 88 86 35 58 27 35 -76 -19 -99 -94 63 30 -87 50 85
-5978 88
-2522 11
1744 119
9973 84
3542 194
8616 143
9369 124
-3064 223
-4259 122
7508 147
-7198 7
9892 107
4195 155
-9229 248
-1496 208
-36 61
4599 100
-5280 61
-9954 231
-309 182
-3987 135
6067 93
-668 196
5438 249
3994 59
1136 154
8376 122
-4518 101
-8742 235
4215 223
-2750 194
-270 67
-4660 24
5633 93
9142 21
-3584 8
7352 180
7978 81
6648 84
-4523 23
81 140
1157 129
1361 18
-1532 205
-3388 245
-177 23
4302 127
-6848 60
7723 219
2470 72
-2170 95
-540 62
-1190 102
5585 233
-5428 140
9819 249
7675 99
551 123
5055 189
-4625 203
-857 171
-7031 201
8471 64
-3193 115
-5093 82
-9503 189
-8118 101
-8362 33
-5165 60
-6410 223
-7995 21
-2219 62
-8176 178
6156 70
-5208 180
-4014 130
-9552 247
-5180 148
8799 6
8832 7
4624 117
-6117 185
6728 27
8361 88
185 151
4692 121
2801 196
9311 212
-1754 202
8946 70
-9283 136
4414 147
-8671 111
7 16 6929
0 -50 46 33 8 96 69 11 -96 0 -43 -65 47 -2 -47 -30
2431 15
835 7
-8514 2
-833 3
9677 8
-6490 12
6330 6
50 920 6890
-33 14 87 -64 94 -71 -70 70 79 -36 -16 99 -92 -62 41 -67 43 93 81 -90 -14 -52 22 -33 -96 75 17 -99 -33 92 45 34 -45 -19 71 99 10 -100 18 -12 -36 -99 -64 -77 -61 78 -44 33 20 88 43 -94 86 -36 -77 91 89 40 42 -44 31 -14 90 37 67 10 35 -74 11 -47 14 25 -46 0 48 -56 -73 -96 77 48 92 -31 54 77 -17 27 17 -28 -34 -42 -22 47 -6 -83 -67 -90 28 69 -64 89 72 50 13 76 -100 -89 70 -73 66 -4 75 57 65 -22 -17 -52 -96 51 -30 -80 59 48 18 -47 65 51 -37 -58 -31 -50 -70 91 100 -6 67 50 5 36 78 -30 -68 2 77 97 81 -91 95 35 60 -36 6 19 62 74 22 27 -26 35 69 44 85 50 34 35 -57 -50 -16 -2 87 -89 68 69 14 -6 15 -56 3 10 29 -87 24 -66 -18 -14 -93 -97 63 -18 38 -19 76 -27 -70 -41 -93 -77 10 -9 21 -54 -47 -12 65 67 32 -21 -90 -65 39 -11 -52 -87 24 30 -1 -19 -17 -89 13 71 -8 -12 -57 -27 -2 -50 -4 58 -8 -83 54 45 -45 18 -39 88 47 -79 73 -14 10 71 -51 -67 -50 48 -35 33 9 78 3 -100 -84 47 -27 14 47 70 -79 -62 37 75 33 92 -8 94 79 -62 -86 51 -26 25 21 23 8 71 -80 73 -47 29 1 7 -20 17 -47 3 81 50 -78 -99 39 59 26 -29 51 -83 -85 -21 -95 80 81 -20 4 1 -98 63 -78 -77 -15 -75 2 86 32 82 -48 35 -15 -68 -15 -43 84 -77 -84 9 -56 17 -24 -41 96 -18 -61 76 62 -7 -73 14 -95 100 37 -9 -76 -61 -74 57 71 -21 -9 -95 -39 76 -37 96 49 -71 4 44 46 31 53 -9 -88 42 -33 24 -65 -56 -63 91 -57 75 -69 -33 64 -42 74 -16 37 -85 -10 48 41 3 43 -10 32 98 84 -73 28 36 18 -10 -22 35 -87 -37 79 -50 -47 -79 75 -15 -61 38 -7 63 -78 -71 78 -38 27 19 15 -30 -92 97 -83 42 -77 45 -23 -9 -66 55 -74 -53 -83 -96 -53 -79 77 -78 -44 66 60 49 28 32 28 6 44 -46 -76 -42 24 83 -96 41 24 -73 -65 51 19 -81 6 -5 -84 -27 -1 -36 -6 -75 -14 50 91 -55 -2 19 28 -75 75 -79 -70 49 -20 54 -19 -16 -55 55 -38 -70 5 31 -50 61 -75 -34 -66 -26 30 28 0 66 -72 -10 62 -24 59 -11 -48 -17 10 -18 -69 40 86 12 75 81 -84 87 -89 22 17 -89 -18 -8 -73 -34 66 58 95 -35 -27 73 6 -66 -52 -86 23 0 -2 84 82 29 -27 68 92 98 48 -93 34 9 -21 -100 20 12 -8 48 78 -92 -45 22 -27 28 -6 29 63 -7 44 -65 43 -59 69 25 20 93 -58 11 40 40 -31 -26 -51 -2 -26 19 60 17 -34 38 25 -29 -91 98 100 4 -23 12 47 -80 -3 -11 -89 -84 64 31 -92 -95 93 48 46 -89 72 45 9 -54 -37 -31 63 -20 57 -13 51 66 -66 0 -81 11 62 66 -19 -41 -45 -8 -25 -82 74 -67 75 66 81 20 77 53 -36 -65 49 -23 4 11 57 -40 48 8 77 82 -93 96 -57 70 62 -26 79 67 17 -97 85 -10 -64 59 -45 67 -72 82 -31 -58 -84 -83 20 -29 -22 -24 -19 76 34 -43 58 -8 -47 51 -89 65 75 90 31 -9 93 15 81 79 -76 86 45 -98 17 -86 -55 34 82 15 -96 -40 41 -65 -65 -25 -7 43 17 46 -57 28 10 -82 -33 91 -41 -41 -45 91 88 -21 76 32 -18 -7 -4 -23 77 -22 92 31 -12 -18 66 -27 7 -42 -84 -77 54 -91 51 -87 78 -83 -97 -63 -74 -41 -73 -87 -12 53 -4 20 96 92 97 72 -31 38 2 57 71 -32 -70 -23 -24 97 1 -70 56 -99 94 34 70 98 21 96 -94 48 60 -56 -50 -95 65 -54 97 11 -83 -84 100 -30 23 70 38 3 -54 64 -51 47 94 -95 -1 38 -11 -32 -15 -91 -37 -9 7 73 -15 57 28 -51 -98 25 11 -80 -9 10 -10 -87 -71 78 -33 -25 41 16 73 -15 -29 -29 -78 60 39 -43 69 52 48 -75 -25 -68 83 -98 -68 85 -23 43 55 18 -98 95 32 -69 22 49 -44 -37 -36 79 -2 36 100 -30 -5 -12 27 -86 91 -76 -61 -85 -94 72 68 -62 57 96 31 -39 13 -17 -44 -56 -36 28 93 -29 91 -93 100 -62 -7 100 8 38 -63 85 52 -73 -92 42 93 66 13 61 54 -81 56 -65 -69 -32 18 -63
9263 78
-1600 318
875 150
5274 916
-6097 540
-2051 564
-4319 120
-492 260
6616 104
-946 363
1967 656
3885 82
-3979 582
-3807 867
-1620 190
7474 356
-7974 682
9838 683
-2396 820
8790 190
9461 403
-1610 302
9194 260
786 592
-9624 165
-1443 572
321 524
-3615 874
5716 366
9746 532
5076 837
9180 168
-3187 315
7444 775
7849 282
-355 593
413 144
-3830 880
-6626 209
2857 440
-9484 260
-6466 539
1297 91
-2821 315
-60 68
4829 357
-2137 160
-4163 849
-9534 128
6535 35
46 888 8109
-76 -93 2 58 90 16 73 32 -40 51 -63 3 33 -65 -85 -88 55 -48 -96 -95 80 -59 -77 100 -10 14 -79 34 -36 -61 -8 -12 -54 44 96 86 -91 18 -32 -31 -32 -45 23 52 -9 38 64 -55 90 19 -100 69 10 74 18 100 -13 -10 33 2 29 75 90 25 -32 36 10 -23 -47 28 -3 -28 84 -81 74 -76 7 37 -31 -3 -95 -81 -85 15 44 34 15 81 74 98 -18 2 73 -78 -74 -60 58 -14 -32 61 -86 65 -68 98 34 56 72 -60 -7 -60 37 -52 -91 3 64 53 87 -72 -16 60 -75 66 -39 98 88 -13 89 -5 73 -44 -94 87 -80 89 34 54 45 5 94 88 -5 -19 -65 -45 84 99 -93 70 -74 -59 29 -98 -93 40 100 45 -74 88 91 99 -57 97 36 -87 85 -81 67 29 -25 11 16 70 42 2 -76 -25 0 83 -56 -23 74 23 -21 81 -38 -72 -24 -62 -84 -34 87 -91 -38 22 -77 -54 -8 40 26 67 -100 -59 -14 42 43 -39 67 94 94 61 -80 67 -17 -1 -2 -5 -23 74 -17 -7 -61 -30 -47 1 42 -74 -3 -67 66 -78 50 17 -86 -64 -92 7 -53 76 -50 -60 36 -30 57 70 19 -46 -86 97 -73 -2 -61 -34 68 -8 17 9 18 65 -7 -66 87 -58 51 51 -72 9 -92 -25 -16 -42 15 71 -21 -78 -10 98 -24 4 44 4 -99 84 20 19 -25 88 -72 44 52 -29 28 -12 13 -72 -61 42 37 -53 67 72 -45 -68 42 34 -46 -69 32 30 -15 -25 84 -13 -92 -46 56 -66 -59 84 78 93 -96 5 -70 18 -17 -31 -91 -81 -34 26 41 22 58 -18 -95 -89 -37 -13 -8 49 63 -25 86 21 29 41 55 20 -25 32 12 -21 87 -7 47 -31 62 6 -61 79 -68 80 -50 90 -88 -45 52 -75 -7 -57 74 -45 -32 9 76 98 -50 -19 -33 -25 -88 80 54 50 -78 -49 69 34 57 58 12 89 -12 12 29 0 18 -20 25 -90 -27 -51 -85 41 58 41 -12 58 -79 56 -68 85 -15 37 34 7 88 -48 -60 -6 -90 3 -67 -2 -86 62 48 -18 92 -28 -8 -36 -29 -43 55 -71 99 -57 87 -81 49 70 -97 -67 6 -13 -10 -57 40 -20 37 0 83 20 48 48 -69 -5 -71 -78 67 -28 -64 -62 29 42 -83 27 35 54 -3 -17 23 -50 -34 79 38 56 -79 -73 86 9 27 69 79 -26 -34 -90 69 -5 83 -15 17 70 -27 -54 11 -60 23 -55 95 70 -22 17 -80 44 -54 8 -51 -33 35 85 26 -39 53 5 -15 -82 15 -97 -36 -3 -12 81 -34 12 77 27 52 -50 22 46 -81 100 -87 90 -7 -41 -3 -8 -24 -69 -23 -98 -58 80 -43 -23 99 72 -20 -88 -82 19 43 -65 -70 20 12 32 20 -66 -72 -11 84 -59 -21 -23 -50 26 19 26 58 46 -22 50 26 35 -73 -26 -44 7 -14 -75 76 -72 -90 -95 -2 22 -12 -83 6 16 7 -10 7 36 17 57 -39 86 -68 69 32 -39 -31 -43 46 -4 31 -98 53 -84 78 29 -56 38 -16 43 -91 72 10 16 -63 67 56 44 2 -78 0 14 -93 -17 -18 39 44 1 96 -11 97 26 -59 0 -8 69 79 -13 6 -38 80 16 85 -11 82 -79 -44 -13 66 8 9 -85 -79 16 -2 -46 -95 92 55 -100 -19 2 -23 22 -99 19 -9 80 -95 47 92 35 -88 26 -76 94 -2 -70 -70 -37 38 39 -72 10 -95 -23 64 -90 -32 18 61 49 -81 88 -79 71 7 -38 0 -38 -92 -58 98 -79 68 72 65 -35 -99 96 -22 -11 -16 7 99 -61 84 12 100 -99 -70 61 51 100 -2 72 21 -96 84 71 -83 92 -88 -86 -88 31 86 28 46 37 23 75 -75 57 -69 75 97 -86 -14 96 66 16 6 16 -34 -96 -63 37 59 -80 7 76 -88 20 90 75 -100 25 2 46 -39 75 20 -13 32 51 -89 28 15 -3 -27 -19 64 80 47 -71 84 85 16 42 55 -78 -32 17 42 -43 -8 42 33 44 -62 94 -31 58 -70 51 -41 -59 -22 74 39 51 -96 2 -20 52 -19 -37 -14 97 56 -60 -82 -77 58 11 -70 100 -98 63 -7 -60 57 62 49 87 12 -93 79 40 31 17 -59 36 69 21 -63 100 35 23 96 -10 63 64 -37 20 -76 -7 -31 -73 -44 63 -83 63 -26 16 49 37 -27 -23 -74 -96 94 -83 -10 12 -11 27
-8740 701
5982 416
5984 6
-9631 333
-9251 729
-7600 254
2598 57
8661 2
-8424 61
-3615 8
447 382
9396 123
5983 518
3560 66
-2509 641
-5396 763
-518 370
-5682 125
1698 412
-8822 195
-4534 582
-7131 847
-9783 308
-1117 149
-3468 291
8685 509
-4302 46
-7224 25
8744 599
1468 264
-5411 508
8707 22
-9623 143
9536 862
1433 213
1964 417
1733 724
8684 155
-9918 442
-8815 226
3997 566
1035 126
-4609 584
-1184 288
7588 346
4090 751
91 994 9276
90 -51 -22 44 40 30 -91 -4 48 -10 31 28 30 -83 -9 69 -24 85 97 69 45 -29 -92 83 54 36 48 -28 85 86 -71 24 85 -42 -83 24 88 -74 71 -15 17 1 -88 97 -32 -47 66 45 88 62 -37 -18 83 -29 -36 -14 57 -89 58 -8 48 88 -85 32 -55 -67 -94 83 -91 77 -33 -24 -23 -71 -27 45 -17 89 -61 -30 0 2 53 -68 24 -84 18 -20 79 -25 72 26 -88 38 -43 -93 21 -87 90 30 90 -44 -94 -84 -64 -21 12 19 -83 51 89 17 -97 -9 49 27 8 -34 57 -64 -9 -21 62 -46 -84 69 -39 37 83 -99 -84 22 -93 73 39 -57 -99 -50 62 -82 51 1 35 4 92 -17 81 -51 -1 38 -15 91 -84 97 -56 83 66 -45 19 -2 -94 -15 -81 -86 -42 8 -93 -41 58 70 -22 -41 -80 63 63 62 97 44 62 -5 -19 -54 -65 -53 -57 -71 -71 59 -15 -2 -44 -9 83 -75 -45 91 34 -37 -50 -9 83 -22 0 53 91 -37 14 87 57 -25 -18 88 -28 17 -66 -35 47 -87 -77 82 11 -71 -78 -57 -46 -72 -66 88 -9 -66 -71 -77 -38 29 76 -48 42 -11 -61 -2 15 21 -15 87 88 -31 -49 -16 -18 -26 -85 93 -47 89 -64 7 -84 -80 -55 -43 -46 -76 -20 -34 53 -45 18 -55 -6 57 43 -92 -73 79 95 66 -53 96 100 30 -81 -85 -28 -28 -97 -42 30 70 -22 75 -74 -18 99 -44 48 1 -39 -34 46 5 73 -61 14 51 -83 -42 16 -86 -46 15 44 -27 30 -84 -4 -17 -26 -75 -98 3 100 79 85 48 -66 -17 -52 -55 -1 45 51 -29 84 -86 -79 51 -28 -13 65 -24 -98 -41 0 -18 -25 96 16 -1 71 18 52 70 -3 37 -33 -19 70 -35 -23 -32 -91 -73 -11 43 -59 -39 -7 -37 48 -92 -10 50 -33 90 83 -8 35 -2 41 5 66 -7 -76 -88 80 -9 -56 49 56 21 67 16 -2 -45 -92 -11 16 -48 52 -86 -40 92 14 -23 81 -4 19 15 44 -41 -81 -40 2 -57 -28 -19 -16 16 80 91 87 46 6 -16 52 14 23 -83 66 -75 -69 76 -84 46 -98 98 92 21 -38 -14 81 -18 46 -18 -25 68 14 10 -66 -7 0 -80 -61 -95 -45 91 -31 78 58 86 53 90 11 70 -15 14 67 -74 -66 79 12 65 -40 -93 98 -14 76 11 96 -91 -97 -5 80 93 -50 85 33 -31 13 -9 -96 -35 -70 16 -66 -35 -71 51 -9 -87 30 54 79 40 11 76 -75 -14 -64 71 -55 90 -85 76 83 -85 60 -35 -15 -28 6 -11 38 36 55 22 -100 34 -27 -58 48 -98 96 -24 42 -44 -49 18 43 -63 -62 38 -74 -46 -37 59 -31 74 -76 4 -55 -20 94 33 67 -2 -95 17 -68 -22 59 30 -70 4 -95 22 61 -94 -61 -47 -57 -72 41 -31 -18 -96 79 1 78 53 -95 73 -68 49 -44 99 -54 -39 16 -72 39 -76 58 19 29 13 -60 -61 19 -70 -8 12 -42 -68 32 -10 87 10 91 14 -38 46 -13 -6 -6 43 -57 -9 -97 9 -31 -8 33 -73 -90 -89 -10 -100 -50 -91 -70 42 -29 -12 25 -98 28 11 -38 19 -75 24 -86 -38 69 9 55 62 50 8 -30 -82 100 53 96 60 65 -14 60 -86 -55 41 57 16 -72 -69 -31 7 -8 -19 -75 -33 -95 -61 29 24 -2 -17 -65 98 91 -45 -84 40 -93 62 -51 72 -53 -91 87 -58 50 -7 9 28 24 78 -66 -85 -42 -91 -17 -87 100 62 -13 -53 96 -28 -55 36 27 -89 -24 35 73 25 6 71 -16 -58 -88 84 35 21 -38 -42 -52 -54 -76 -43 -94 -43 -80 56 69 8 53 64 30 98 0 -43 -92 26 92 32 -100 -53 2 -65 -10 14 69 75 -65 -70 84 -67 -73 -93 -10 -67 -86 11 39 33 69 -9 -3 -2 -61 47 55 -53 -78 -4 29 73 -6 -70 -93 84 45 77 58 30 57 41 13 34 -2 -97 17 -38 -36 -45 96 -68 47 -58 -20 86 39 86 83 61 -19 12 33 25 -8 -9 8 -64 -83 -84 16 24 7 -71 -42 56 83 75 -83 -54 -70 63 -72 27 -96 -42 -38 43 -57 95 -47 -25 -44 37 100 49 78 -42 35 95 -26 -99 -32 31 81 26 -64 63 1 -46 59 -19 67 37 58 22 95 -81 -86 89 -87 -32 -37 -80 55 -38 69 32 20 3 -24 44 4 44 -75 -66 -80 -39 97 21 -35 5 52 -68 -59 9 54 87 -22 68 75 -59 86 -63 -39 -10 -51 -71 72 20 -17 -53 -87 37 42 -62 72 62 0 18 -68 15 74 84 47 -86 -58 -50 51 20 69 -25 11 4 -38 73 95 12 52 66 82 85 64 95 -28 -45 -67 -57 67 -17 11 99 98 -16 32 -5 -51 24 -5 50 94 -37 -75 4 18 -13 -24 -38 49 79 78 30 63 -9 25 -66 46 8 -73 12 91 -11 -40 38 73 42 83 72 -35 -22 22 -42 -9 47 63 59
2790 969
-8375 954
4429 873
-2378 29
-461 393
-1141 288
5374 265
1686 483
-7503 763
8064 546
9225 720
5453 39
-293 57
3425 100
4508 289
3703 391
-2276 813
6521 158
4767 679
-39 752
8920 741
8795 886
922 451
-4199 969
7553 237
5425 328
-6530 926
-826 920
-1562 899
-4923 408
8990 793
7685 805
4109 503
-9972 656
-7932 503
6901 937
2530 807
9003 608
3618 556
-9410 160
2389 457
1667 434
613 208
2756 725
882 387
3159 653
-9666 291
-5974 150
-1231 781
759 335
4043 896
1825 887
796 459
3745 973
-6928 437
9304 168
7793 304
5040 635
-7026 314
1177 971
3070 852
-2553 239
8900 123
1567 620
9248 871
-7774 871
7427 586
-2695 489
2320 941
6357 744
-3453 954
4573 630
4072 866
2745 452
-5152 314
4622 240
5699 412
1322 992
7263 545
-292 122
2656 926
-9037 872
-294 439
-7975 571
6759 513
-8863 123
7762 261
-2355 414
-958 701
6321 989
5474 648
67 961 5070
70 -83 -49 79 -90 35 79 -47 -95 72 19 -14 71 -53 -86 -36 42 -74 77 -67 -17 -43 -98 -57 26 -26 24 -63 -5 -96 -77 -85 -78 -26 94 -68 60 72 -15 15 -7 55 -100 -37 -99 -85 -22 43 -59 -96 76 -26 -39 29 -33 37 -98 91 25 -53 46 48 -38 18 72 -45 50 31 77 85 96 -31 39 97 -17 -10 62 61 -67 53 65 59 -74 76 -63 -56 -37 -61 -66 38 -63 30 -65 -1 -53 -94 5 47 -12 -69 32 -17 1 -80 -71 34 11 91 -56 -6 43 59 -98 20 34 -60 64 47 -71 98 -16 -34 -22 19 16 25 -24 -80 -28 64 -49 54 97 2 24 -74 86 -66 67 -71 -22 10 88 -69 -71 -28 -79 93 69 -50 40 -47 -33 -83 22 33 -7 48 3 15 -39 54 -32 -42 -94 92 -66 42 77 -100 72 -96 -40 9 -65 -11 81 -44 -69 50 -43 22 53 -26 -11 -76 -94 82 73 9 -54 -67 -88 14 -59 69 -44 -25 11 83 -74 -68 87 -14 41 73 26 -28 -72 7 72 -65 -72 24 9 18 -2 15 -51 -30 -77 -4 4 87 60 -5 55 -85 71 -35 48 47 -3 35 83 -62 7 -42 -40 -15 66 -69 -29 44 5 80 -89 -98 -55 -39 -77 -32 57 -23 -46 -34 72 60 -18 -8 -76 80 -62 22 14 -79 10 71 -21 70 -94 95 51 -23 39 -45 -44 50 -93 1 61 -70 20 -33 -43 24 34 -71 -17 66 21 -42 45 10 30 -91 31 -61 80 60 59 36 5 9 -88 -57 14 -81 43 -29 -30 4 -48 90 21 9 -36 -46 38 -3 -81 -91 55 65 19 -16 74 100 -27 3 9 -69 -61 -87 -10 -99 -94 54 -80 0 -75 -9 54 -23 -70 -26 86 -6 29 -26 92 48 -17 -4 -38 52 81 86 1 -47 -61 -91 -65 -22 -77 25 -71 80 -21 -50 -21 -46 41 -68 31 21 7 -34 -85 -65 40 57 33 73 -48 46 -26 83 31 75 87 20 85 -79 48 58 -4 78 37 25 -73 -84 79 18 99 9 -62 5 76 -97 -10 -35 10 -77 -62 13 69 12 -5 -51 -63 -19 20 -79 -48 -33 29 49 -56 -85 -27 -79 82 -48 -11 81 11 -22 -15 -64 -19 26 2 42 49 -10 -46 -33 52 -1 -34 89 31 86 60 83 -47 -12 -19 -53 4 55 -31 -15 57 58 -85 -33 -65 -49 4 -33 77 56 -92 25 -55 -88 42 97 11 58 36 92 44 -5 25 47 84 -95 44 -63 10 -88 -28 -34 21 -62 -16 6 -11 38 23 -35 -7 31 40 -12 -7 -19 -66 55 -62 70 46 32 -35 -30 -72 99 -74 73 86 36 35 -43 -98 -45 -5 -64 12 84 74 -66 99 -84 16 38 4 -92 69 -12 63 58 -42 -41 -61 23 -21 -32 21 5 -60 6 -59 75 13 94 81 59 -71 -8 -8 -98 26 -9 69 -59 79 -78 -50 48 10 63 -45 68 72 -6 -10 -49 12 61 56 52 -84 97 -23 -20 90 -93 -62 69 -1 30 71 75 71 -11 -84 50 11 -84 -53 -79 29 -48 89 1 46 -71 52 -92 40 7 60 57 -46 87 -64 94 94 -76 63 -58 54 -17 -83 -25 73 -67 75 -67 100 72 -46 28 -77 94 -72 19 73 30 27 12 88 -63 -82 -59 74 -46 85 68 -22 47 60 83 81 77 -93 3 60 82 36 59 3 91 -13 26 34 -35 95 6 96 -28 -83 83 9 -64 74 -68 -60 58 50 -31 -45 10 -99 86 -14 -92 -12 -54 40 -77 -96 -58 64 -59 18 -53 7 12 53 2 34 21 -66 -58 7 58 -75 -3 15 75 66 20 -16 17 -45 71 -25 43 67 -86 17 71 -94 -70 63 24 -72 -31 87 81 21 20 -49 5 13 58 -38 38 -45 77 -38 71 -53 47 -12 -48 -33 63 96 -67 28 -38 54 -16 -58 16 -92 -30 35 45 -99 -45 -86 -98 60 -23 61 -79 65 66 49 -73 -14 46 74 74 98 91 -13 43 -77 65 55 77 -52 98 -57 -94 -83 78 1 69 -67 16 72 43 43 -18 65 8 98 -37 -15 -17 -92 -42 -93 56 99 -56 -1 -79 -92 -97 48 -94 51 91 -87 69 69 -36 -13 52 30 -42 -56 -27 -10 -92 81 -13 -79 -35 71 80 -27 78 36 -79 72 85 -58 80 88 40 86 39 31 49 -43 -51 -87 -6 51 43 3 95 66 93 54 -4 -70 75 11 -100 55 34 28 -60 55 -1 75 97 -72 62 37 64 -50 -83 -37 -43 -84 -74 52 67 19 -46 61 -15 97 -36 81 -74 -61 -8 77 44 -75 -46 34 31 3 8 27 31 -81 -87 -55 -80 81 8 -73 97 34 79 63 -48 83 -26 -13 30 38 -32 56 27 10 -17 -80 -15 37 54 -85 -60 -89 -7 71 82 -44 66 -99 -63 -27 -72 84 57 58 -3 -91 -10 21 -54 -81 -42 14 26 36
-1258 671
1448 799
3684 49
-7920 544
-1273 262
-5519 312
-4070 764
891 40
1864 224
8843 181
686 390
2187 949
9697 599
-7102 743
6027 505
753 867
1559 500
629 810
541 257
3482 859
655 561
-5554 792
3691 260
-8965 203
2839 497
-486 97
7295 669
8679 430
1928 730
-775 836
-3338 941
-9835 702
-4101 699
-2816 282
944 198
9429 515
8628 604
-8097 749
9213 804
-965 13
258 590
-6984 855
-6031 408
5705 819
-3008 750
-2427 78
-5093 688
5596 837
-7748 585
967 421
-6556 552
8516 207
4270 535
-4449 685
799 200
2974 346
3134 434
9771 715
-4874 777
6722 647
-9596 519
3213 336
5753 758
9839 298
1587 584
4921 791
-8800 908
41 517 7693
33 -4 -61 27 30 -83 -99 -78 95 -80 -11 46 -24 88 -11 -95 81 -100 53 -31 -35 -57 -28 -61 99 23 -19 -100 -48 -67 -49 86 -21 -59 -38 -91 -42 -36 82 -48 -66 -80 98 -39 -93 -64 -84 38 87 69 -94 -49 63 -71 -10 61 2 21 61 55 54 63 -10 84 -97 2 93 -89 16 74 -37 1 44 -90 12 51 97 28 -61 83 -53 -55 84 -91 -26 -27 70 27 45 -20 -19 -52 93 21 -69 46 73 74 57 -11 -3 70 40 -60 30 -49 42 26 29 81 -42 26 -75 -59 -15 -50 -35 -96 77 60 -65 -93 -93 -73 -22 -61 24 -100 -88 -20 -61 -40 -50 79 0 80 80 -59 -44 -41 -79 -36 85 98 -44 -80 98 21 -76 24 -70 -41 -19 -63 -63 9 -74 61 9 90 -60 49 -51 -60 -23 49 71 -43 41 77 16 62 -60 -50 9 -4 -30 6 67 -5 80 97 4 -40 85 41 69 -90 1 -22 100 -8 77 99 -18 -47 -2 -48 10 -62 79 76 50 -81 -74 -41 -35 -4 15 83 91 -5 29 -55 55 13 86 -26 -26 -63 52 -77 -21 28 -78 61 81 -30 64 -59 8 42 -84 -43 11 -58 -34 77 -11 82 9 -71 -24 -63 -26 81 1 -40 -46 75 -53 56 48 26 -67 20 -14 65 90 -51 56 -3 42 72 5 -48 65 71 -72 -47 52 -13 -18 78 25 57 9 76 67 13 50 -87 -31 -53 39 -48 68 75 67 57 75 22 -46 16 -56 9 68 -92 -21 47 -89 82 -67 -7 9 8 100 -83 -17 66 31 83 29 50 -70 -83 -99 98 93 19 54 67 -60 58 -68 -16 -34 100 -58 -4 46 -47 -23 30 -3 86 -63 -4 54 -29 -88 -16 -47 -9 -67 -17 9 85 -20 -49 3 85 68 -6 42 100 78 59 99 71 -46 -5 74 -19 75 -30 -84 -89 17 70 -18 29 -47 36 -81 -64 69 -22 -79 -51 29 -26 -67 -54 68 25 -55 -4 -17 95 -34 -13 -61 -61 68 -87 -40 85 75 77 4 -93 5 58 -7 -26 44 -39 3 65 10 82 -61 -7 -72 57 69 -77 -48 -49 -83 -32 -11 -44 8 -44 -81 68 91 95 44 -5 -99 99 -98 -6 -78 46 55 -25 -39 -85 -43 -50 -42 -65 -94 -74 -42 -91 -72 -74 -23 17 -68 35 23 -48 2 -36 97 96 9 98 44 11 -59 17 -94 96 92 -83 61 99 -83 -81 -67 -76 96 -8 84 -77 -32 -40 40 0 96 -87 2 -53 -23 -2 -57 86 -55 37 -54 -14 -47 -98 -18 96 -80 93 94 -63 62 -73 -89 58 -31 95 81 -13 -95 -29 87
4022 484
-4627 513
7433 10
5541 338
-6787 131
547 365
8944 283
-5487 501
-5910 311
2952 441
1575 421
4640 51
-2408 448
3458 107
1668 135
-7619 489
309 56
894 89
-5503 273
-5908 28
-4933 508
8679 225
-456 457
-7104 31
5263 461
7716 376
-6705 89
3571 330
-1823 289
-4826 257
-882 314
2975 390
9031 62
4609 302
7746 321
4958 154
-9220 138
4264 69
-5731 385
-2321 261
6728 368
83 914 1909
28 15 86 -84 -22 -90 -82 28 -11 44 23 -78 11 29 79 -5 45 8 -9 -12 -3 54 -42 99 -5 8 70 -9 94 10 70 -29 75 56 -63 -47 16 -94 31 55 50 -47 77 -90 83 5 5 -23 63 46 66 -40 -1 -77 -92 45 32 78 -65 -25 -62 55 -4 -88 10 33 -85 76 39 46 31 -62 100 -43 -52 32 13 4 -92 -25 -51 74 -15 -1 98 -6 -57 -21 -79 -72 4 -41 83 100 -28 -57 -18 -13 -82 72 84 -1 -91 83 7 -92 -36 -81 12 -28 -6 61 -54 30 -91 94 -77 -48 -28 -56 -20 26 -46 -87 25 26 -44 57 63 -76 28 -4 -26 -12 -22 81 -4 -8 100 -93 65 -57 18 61 73 28 54 46 80 76 41 -90 1 95 74 76 -30 -71 32 83 -97 -90 -21 -73 -2 7 -93 94 100 57 -100 14 51 18 -26 23 -55 78 -81 76 53 60 36 -97 54 9 29 74 -12 -40 56 -9 -80 -66 19 18 42 -24 -39 -9 -67 -39 -96 34 30 -22 -44 25 -95 -75 -50 58 85 86 11 -12 -6 -61 -39 82 -51 68 -77 -30 52 -8 38 -57 68 100 34 51 -90 38 -16 -10 66 -9 66 71 16 -85 -22 -49 52 89 -11 -55 78 1 78 -73 -32 51 -53 -81 -58 35 -37 60 -16 47 11 -55 -65 45 35 -100 -65 0 22 2 -34 100 3 -83 39 92 -88 -34 -58 90 -57 10 40 -10 -20 32 76 -7 -8 -41 -61 -98 4 -26 -3 90 -75 -17 -61 47 85 5 -4 -63 -28 85 79 -15 -49 -79 -76 -6 31 15 35 61 97 10 -47 -12 19 -7 -60 74 17 38 63 42 -80 52 -62 55 -93 35 92 -21 19 70 14 20 41 -11 65 -78 54 -1 83 50 59 -64 -62 -73 -21 -22 -100 46 66 13 -12 36 -35 26 -10 -28 -90 -69 51 -20 52 -85 100 -8 4 64 14 -93 -88 -53 57 71 -67 95 99 -38 -77 49 -93 39 -38 -55 -25 27 22 15 99 32 47 -1 -89 -52 14 62 -10 68 25 55 75 38 -99 -18 -42 -66 -74 -44 -54 100 56 -47 39 -83 -1 -87 44 -80 -22 -8 2 75 91 -36 -78 -45 -75 -37 73 50 -83 -2 -63 69 80 -4 53 -95 2 99 -95 -43 -49 44 -26 0 7 68 -30 85 -41 73 60 -50 -64 32 -45 -39 45 -73 61 62 25 99 -20 4 -56 -68 10 46 -70 -35 -97 -68 59 -73 32 -35 96 53 100 -96 -25 9 -96 -39 92 -41 -28 36 -13 -68 -2 62 81 78 -34 -76 61 26 71 91 91 24 73 49 1 -45 64 -4 -93 13 -49 -18 -78 -45 43 -87 15 65 49 52 97 97 13 28 25 29 52 -15 -46 -28 -75 95 46 99 -7 -53 -47 -94 -7 -90 20 44 -58 42 100 35 5 -36 -1 -97 -85 -55 -100 28 73 -25 -43 -25 10 -39 47 -15 -94 -7 -17 -51 40 -14 -44 -68 -54 76 27 -12 -33 26 -78 72 40 21 75 55 67 25 -68 -11 100 -61 64 -41 -49 11 45 -43 54 78 6 -7 -86 62 -25 -40 -13 52 49 54 -73 21 -25 67 -58 -100 21 59 25 4 -53 -25 -7 -89 34 44 -28 -72 51 -75 -94 -43 18 71 69 43 -70 -94 -5 29 10 22 -50 86 -61 -58 86 10 -100 -40 -87 98 35 7 -92 -81 -100 -20 -53 52 5 -97 59 73 24 27 -34 55 -17 11 -67 94 83 -67 79 -79 -25 14 32 -75 74 -5 -77 -41 52 82 -72 53 -88 -75 -46 -33 80 -88 91 3 -11 -44 -43 73 17 -59 66 -1 -26 -6 21 50 58 -98 25 -19 -53 48 40 100 -20 18 2 -8 44 56 59 23 68 49 -75 -44 55 -67 -72 -29 -26 44 71 -2 88 -59 -53 45 94 23 -74 -60 -30 16 -61 0 -66 41 92 78 -4 1 -50 -87 100 -25 -30 5 -42 -52 76 32 43 -4 -70 30 -13 -73 -25 -20 0 -49 21 21 17 10 -80 51 -99 63 -22 -53 -87 28 -39 -88 54 -19 17 -89 -21 -57 -6 -79 -11 -26 52 77 -49 77 -94 52 78 27 -28 -6 88 -8 96 89 -96 -27 -65 -83 52 -54 81 5 -23 -53 -34 57 -10 10 78 30 84 -21 6 86 -95 -38 37 33 40 59 -73 27 -100 -78 -35 -95 -5 -50 -78 97 -3 -98 -49 74 -50 18 -20 -10 78 -92 -81 62 -13 -25 -3 -57 38 84 76 -23 42 -98 54 -8 75 -82 -3 -80 -32 -30 -84 15 -78 -32 -11 -78 36 69 -37 13 77 -68 -76 -86 -42 21 -93 96 -46 33 -78 96 -14 26 -12 -40 44 35 -20 62
-7433 622
4420 171
1645 239
-4753 98
-4611 263
4263 572
-985 602
712 560
7222 6
8300 364
-4127 893
-12 824
-7040 204
-4448 904
7326 795
503 267
-7679 571
6292 826
-4682 427
9878 338
-2448 107
-5007 585
2492 129
6116 393
484 269
-7022 846
2895 492
7605 755
-4220 568
3707 119
-3090 223
440 571
6574 875
639 741
1991 494
6321 215
-1622 643
9831 446
-9262 600
582 475
-8477 251
8741 254
248 732
3994 575
-3058 409
-3425 454
9353 650
526 562
-2534 594
-8462 618
5402 604
-7279 393
-7108 287
2090 673
-340 815
-7707 461
-6326 692
-677 463
-8901 378
7391 515
4738 387
-664 555
-5300 648
3737 785
-1533 211
9066 121
6855 890
5090 717
5500 490
-2902 287
7294 329
-9936 111
7867 117
-7670 236
6424 266
4450 419
1128 374
2693 345
1088 314
9157 486
-854 273
865 910
-2551 208
56 907 7636
8 -32 22 -85 -53 -6 93 42 -74 -16 93 31 83 -32 -25 -82 -24 32 90 -64 -27 16 -74 44 96 24 90 77 53 89 54 -39 -44 -74 -24 -47 -30 -82 95 -4 2 87 78 -65 -96 -98 -47 -20 35 93 -33 -93 9 -57 1 4 67 -10 -20 20 -72 85 81 -65 61 -94 -12 -70 76 -67 -24 -73 70 -47 -38 75 -44 15 -96 41 8 -29 48 67 -35 -52 -80 -69 -11 -49 51 17 86 -19 2 46 -62 91 76 -87 -77 -99 -60 43 -45 3 17 -39 68 22 -99 -25 43 -1 92 -93 -3 -88 90 36 -87 -10 -97 99 72 5 44 -91 -55 -31 73 -32 -30 -88 -89 -25 15 -22 -14 -17 50 -63 8 -57 36 -50 -100 84 -88 90 19 -75 -20 22 74 -99 -73 17 61 -28 36 33 -9 56 45 -48 82 -90 -20 -33 -57 -70 5 1 -77 91 51 -77 74 63 64 -7 38 -57 65 11 95 92 78 5 -86 13 -63 5 -81 32 7 -100 42 87 -33 35 67 22 -64 90 13 37 -87 -64 -50 77 -21 88 70 -56 -51 14 -65 -74 -82 100 -10 -95 -46 9 37 61 9 -71 -2 26 64 -36 -52 50 -96 11 -13 -83 47 37 44 -74 -26 -37 -30 23 27 -45 0 45 -95 90 50 -41 -52 -64 -80 7 -35 18 -68 80 32 -20 29 36 91 66 3 -12 2 97 14 77 -41 34 -51 36 39 49 -20 44 -12 80 54 36 -84 74 -58 -69 -59 -25 61 23 5 -10 -41 -54 -45 12 34 8 9 98 -16 18 -19 33 -46 -81 -68 -16 14 20 -36 -33 -94 -70 91 99 -89 82 -27 73 4 29 -88 63 75 -33 -25 8 25 34 5 -92 -49 86 -8 5 55 24 90 -32 94 -97 -15 100 -67 -75 99 -56 -94 -79 67 11 50 79 -27 24 -54 -2 82 21 -69 -14 30 -17 -79 72 38 77 -55 27 95 -62 -20 -70 89 13 -45 37 8 -38 58 -26 73 -42 -47 96 32 -51 -56 -36 70 -75 50 -51 -42 22 -80 97 -52 -85 -27 93 -96 54 -78 93 -84 -72 29 24 -10 -64 49 -88 -56 -99 -93 77 -100 -99 -60 20 -73 40 70 -15 -89 40 -19 -41 56 5 -98 60 -42 -76 2 -76 -48 81 -1 -8 -84 -53 4 -89 99 -38 38 99 -87 28 -32 -60 -83 -63 -24 -71 28 57 -62 -17 -89 -60 93 -81 -85 -6 -56 -83 -76 43 -40 91 90 14 -99 38 26 39 -14 40 -34 54 80 -66 92 -45 -37 -31 63 -49 52 24 -58 -6 44 -43 38 38 -76 62 -20 -16 52 -81 99 4 7 24 -58 93 -37 -41 46 94 -7 -13 99 6 56 11 7 -43 -65 49 51 79 -95 -62 16 -70 100 46 -36 2 15 -38 -95 -79 87 98 64 -51 -44 9 93 -1 47 92 55 2 2 -38 60 37 61 -40 -35 17 -1 31 -3 -52 -74 61 50 41 -77 5 12 -91 3 -25 -92 9 35 -99 59 -19 43 13 83 -56 25 -8 32 -64 3 97 53 -99 -22 -51 100 4 -91 0 -55 83 -96 7 92 -43 83 51 67 17 2 25 98 -56 88 30 -62 -37 -78 20 -1 25 -33 -49 -24 45 0 -75 -52 -41 25 -57 -58 -20 1 84 37 -17 -16 3 50 86 78 -3 80 16 77 69 79 49 -12 -23 -27 55 -22 -1 -51 28 25 -2 87 100 -9 79 -21 92 13 -84 -76 97 -31 24 83 -53 -80 12 63 48 -70 -9 -4 19 18 70 -77 96 -82 -77 23 -7 -29 -41 -7 62 89 72 4 1 88 28 -3 -93 -48 -71 -46 -78 -8 67 70 22 -43 -34 91 75 86 -86 20 54 88 93 -53 -42 -99 40 -81 90 -39 23 -60 100 -99 -12 -94 -47 17 -90 -75 59 77 96 -19 84 -89 -29 8 97 -65 78 50 -78 70 47 -20 71 -64 -50 11 -2 73 1 -3 74 89 -47 77 -44 -37 -98 -86 90 48 -5 23 59 67 81 5 52 58 -96 75 27 2 -96 -53 38 -46 8 -65 78 -91 -18 51 98 -15 -22 -47 -2 -70 -82 -13 78 13 60 -14 -71 40 41 82 -3 -5 6 74 97 10 72 35 15 -71 20 -8 -62 53 93 87 -63 -30 90 36 -50 -93 73 78 21 33 -87 0 -78 54 -69 20 100 37 -57 96 98 65 -20 12 95 51 54 -68 3 46 69 -10 67 59 76 -84 16 -1 45 87 82 58 -13 -97 12 18 -27 -39 -95 17 -44 -98 -19 -13 -36 -75 -63 -83 -92 40 13 77 80 -21 -15 6 -54 -99 -96 91 38 86 48 75 39 -91 -57 -88
7467 632
-7314 59
-373 325
-6995 654
6695 541
-2198 153
4238 530
-4072 388
2375 248
610 454
6996 581
7989 64
3288 283
2379 276
-5106 52
-4287 708
4400 591
9487 727
-3327 619
5675 757
-8540 747
-176 198
9398 319
-4175 632
-49 758
-9451 104
2058 257
6105 189
-3394 373
-1614 193
-6977 364
-8699 500
-3782 153
-4831 654
-3000 483
9980 715
-5681 806
1600 85
-723 891
-7070 772
-8699 288
3615 865
-541 435
-7576 477
-4356 613
5006 327
-1370 56
-189 715
-5463 228
-2260 372
9545 357
-2561 426
-5036 485
5022 163
-6095 620
-9091 603
100 572 1177
12 -76 79 -30 29 66 -43 10 94 -32 -83 -10 7 52 -45 -52 -13 -9 62 -17 63 71 -27 -42 77 58 -95 -21 -99 29 45 -37 53 23 -16 -68 -62 41 42 -69 -92 9 -29 -35 -90 26 -37 -53 -84 75 30 30 45 54 38 -29 11 -7 50 -38 -79 -6 26 25 67 -91 57 -96 0 -52 86 -42 7 -43 23 17 33 36 64 0 10 -56 -71 -46 98 67 -25 -42 -91 -75 20 -70 -31 96 5 -64 55 -89 91 -46 -41 77 -38 16 84 35 -68 16 -30 47 -85 80 91 95 84 38 11 -41 96 20 -66 -35 1 3 -89 -95 39 66 68 -20 71 -74 -44 83 43 -61 18 25 5 38 -29 -29 18 -89 -35 -49 49 27 10 -6 -54 44 10 47 98 21 3 36 -64 -30 66 57 -54 -79 40 39 -90 -93 -86 16 45 -65 37 -38 -53 -99 14 46 28 74 91 25 -32 0 -79 -35 71 24 51 57 44 17 14 41 -12 -47 -21 -51 -90 -57 15 55 -21 -49 68 26 -48 -69 -29 31 -96 -39 -45 -78 11 -24 -63 -19 51 89 -62 -6 -45 2 85 -7 5 -36 42 15 -43 -44 -31 36 7 -64 -39 10 -33 -17 -60 -78 -6 -55 95 56 21 -68 87 -79 71 -76 -34 -75 -24 -50 -32 81 14 -90 -5 72 -84 15 -43 -26 51 -31 84 69 52 74 41 96 -82 35 51 -11 17 38 11 -13 12 77 -38 89 -74 31 19 -9 -9 -86 -88 7 29 -81 81 -71 -12 14 48 -61 -13 -12 86 -45 74 -14 -5 -60 74 -95 28 -14 32 40 -76 8 -30 43 49 11 7 11 -82 -65 31 49 -85 -82 -37 63 -92 0 -99 44 56 25 -71 -50 65 -97 -95 -8 -61 -13 83 -87 45 -48 6 -56 14 -87 55 -18 99 -65 -70 -87 -96 -57 27 -88 -6 28 6 -51 -48 35 -51 -84 -12 -96 -41 27 -59 -59 -10 86 -57 97 -71 57 -91 35 -62 -93 70 -81 72 74 -88 -2 36 6 76 -59 5 -73 77 54 94 -86 8 -98 -8 49 -57 82 -15 -63 78 14 94 37 -52 83 -5 -82 52 -34 42 64 14 -22 -30 -11 19 75 -34 -55 -21 -41 -40 37 -38 2 -14 -45 -17 71 -8 -89 -66 -64 -2 -17 69 93 -49 20 -92 93 -17 22 -80 3 61 40 -72 -74 35 7 -64 95 94 -52 -54 -21 3 -20 100 46 -9 85 32 89 -83 0 32 -32 70 40 -90 -98 -88 -69 6 73 21 34 50 -45 91 86 -100 84 -67 -54 -87 -14 26 63 -69 67 47 63 6 64 -88 -63 82 82 27 43 85 39 74 -60 -38 -6 74 62 -1 14 47 -1 -53 30 46 -40 -85 -79 74 98 89 -30 10 -6 85 23 -19 66 -46 -93 8 -62 -3 -69 -22 59 -25 -99 20 75 -35 -84 -27 13 -4 69 23 11 41 -4 -42 29 67 69 73 51
-2948 304
2948 230
7721 336
-1723 489
6104 45
-9854 380
-5103 99
2971 200
2847 37
2047 239
-3135 344
911 98
-1635 246
-1788 115
2783 143
718 526
-5317 548
-1083 278
-7127 300
6660 520
-6261 389
-3198 144
-8057 497
4218 199
-2178 7
-2596 217
9136 118
-6379 437
-9298 85
667 253
762 124
-5518 55
-1228 344
-990 364
8034 481
-8217 370
-83 21
409 192
5800 239
370 433
8333 234
-4251 2
-2750 369
-1311 121
-1356 372
-1120 38
-5538 533
-7709 524
482 403
6041 330
-9309 8
288 563
130 47
-7533 524
2765 551
6993 533
8053 440
2286 542
5833 355
6977 48
-9670 417
1324 31
-7062 156
-4533 64
-1362 275
-8065 275
-6948 523
9938 289
6641 426
-3447 261
-3596 31
-5777 23
9 138
3481 64
-8796 12
7760 53
-6246 175
7490 187
141 44
-9888 294
-1815 75
5549 556
7991 216
-1861 549
-4668 467
1479 452
-8041 436
9914 349
9653 396
-4750 473
1292 478
3553 241
9536 563
-4541 388
3999 85
5896 308
1339 83
-9139 138
651 517
-2319 347
85 678 2816
70 55 62 81 -93 61 16 99 33 14 -61 -27 -62 -61 -66 -34 72 57 74 -9 71 29 99 31 69 65 43 53 -18 73 74 -49 -23 35 82 -16 -55 -2 -68 28 62 -28 -99 -100 -39 86 -34 -68 42 90 23 -37 19 21 44 -63 -65 -64 90 -33 -92 63 -31 -65 -3 -50 19 42 -2 52 -80 -90 74 -79 61 -66 -94 77 -84 -1 66 39 12 -16 -90 -45 -29 96 -9 -39 -37 -50 -77 -18 -15 -29 -18 55 63 81 6 83 41 -71 -97 1 -87 61 -23 -71 -91 -58 18 21 -23 -22 76 48 -76 -84 59 -13 -84 33 19 2 -97 -100 -94 16 31 12 -51 -29 -9 -98 22 4 63 99 -17 22 92 51 -58 -82 80 68 16 -97 35 -25 -10 51 -93 59 -98 61 59 -92 -24 -10 -30 25 11 61 28 -67 -86 -60 82 -53 63 73 49 55 91 28 23 7 31 -43 32 71 58 39 29 11 -51 -13 19 -25 27 40 -100 -62 0 -22 -79 -35 -32 -98 -38 81 76 -90 36 16 38 -92 -78 -82 -35 54 89 73 -58 17 -17 -9 55 -98 67 -69 42 17 -31 92 45 -10 -94 63 -57 -81 44 -82 80 -71 34 -32 -63 7 -14 -48 -90 -25 -76 -97 42 8 -6 -4 -40 -90 28 52 27 47 -7 -79 88 -50 85 -70 -81 28 99 99 57 -18 -34 44 39 3 96 50 78 -81 53 -31 -23 97 16 -13 -93 94 89 -16 40 -68 6 -23 -68 -60 -43 -49 18 -45 100 -76 -12 -84 68 -74 19 63 26 -54 32 -72 15 60 -75 -70 -54 83 -77 86 -34 14 68 22 91 100 62 -52 -100 -21 -47 100 3 41 66 -80 18 -16 83 -57 -20 -35 -28 96 -76 -53 76 -30 -71 50 -95 -55 -37 73 68 -97 22 -21 -99 22 9 -45 -28 62 46 -63 83 -37 -28 15 7 52 80 29 -3 -97 76 -27 -76 -96 -78 -71 -51 -65 53 67 -62 -26 -54 91 47 5 96 69 -34 41 -95 -52 55 -73 64 -89 80 -7 40 -74 -3 -35 -1 -29 -31 -29 -50 -32 6 -98 86 -5 -73 82 -65 24 -14 -70 -8 52 21 -53 51 -25 -25 14 -64 -96 57 26 -70 -47 91 -20 24 -91 51 75 -22 -93 27 -87 2 4 95 -13 -73 -20 17 19 -69 -63 67 82 -37 92 -55 -51 46 -98 76 76 -95 66 -45 -20 76 57 -96 -97 64 31 -84 -85 -65 -90 2 -38 -60 -82 32 -29 -95 -52 -97 -82 -61 99 -82 35 51 94 10 57 9 16 87 -66 -78 91 88 86 21 -97 -100 6 64 -48 19 -97 -80 -50 -75 76 -52 79 45 -63 77 63 72 28 6 -69 -66 -86 47 -80 -51 69 -90 87 4 -19 91 -46 38 4 -44 -44 8 -24 -44 -17 -48 -46 -39 97 -9 -63 9 -38 15 -86 -7 49 79 91 19 -73 9 -21 -86 64 61 55 -83 -52 -42 -26 -46 16 0 -40 49 2 14 -91 -52 -96 98 57 -84 12 71 -41 -89 50 100 30 27 9 -91 -9 -78 20 96 90 18 -96 -37 72 -30 14 -69 -81 -85 -5 79 -36 -1 76 -80 -35 -62 42 24 -51 -59 24 29 68 83 -12 -91 -96 58 -96 94 -25 59 -93 97 -71 21 78 -52 36 -28 -74 50 21 53 71 86 91 -38 -40 90 3 84 -32 -30 66 57 -71 20 -36 -66 13 -10 43 -30 -14 72 91 -86 70 -23 -14 47 -74 58 -1
-2539 542
7328 644
-1445 217
8396 484
-3603 9
-5539 146
3124 57
-6107 223
-4455 308
9615 83
-239 437
1445 82
1502 98
457 624
-7250 94
4031 42
3849 163
8306 23
9017 91
-6781 328
-4815 215
7756 673
-5660 292
-967 393
5169 511
-3429 514
-5670 49
2462 577
-9183 537
7473 516
-6665 308
7500 573
302 543
-2971 157
6228 418
8453 48
-8350 275
-2838 219
-8424 254
-6683 473
-1438 396
-4606 350
1624 220
2445 576
-1785 87
9729 16
-1138 271
2455 173
-9525 500
5924 84
3453 138
-4444 179
4304 167
2256 286
6355 318
2624 501
-819 383
-4750 465
-6685 407
6966 675
1334 75
522 187
-8637 595
-3199 482
-98 5
-7739 634
-5458 12
-380 541
1698 519
4726 594
-8832 223
-9591 171
2810 575
8595 523
-2924 305
8818 96
5974 526
-233 41
6037 628
-3383 167
-3265 404
6735 90
-5863 252
3844 580
1950 87
16 128 4825
8 32 71 20 -86 40 -94 -72 10 -35 -76 -74 16 -18 -48 94 -95 -49 -13 2 -98 -58 79 18 64 65 -39 -64 53 27 26 -40 -92 -54 30 73 86 -13 -100 -5 52 76 -28 -32 -43 24 -39 -38 75 -1 65 28 41 -7 96 -46 -42 -94 -9 -90 34 67 -80 -8 -87 1 -85 49 88 -85 -56 39 41 16 57 99 -61 69 -90 65 -33 75 -58 58 -32 88 -89 -24 94 -48 -14 -23 -81 -44 70 83 57 85 -19 -6 50 25 84 -9 91 40 -61 81 8 -51 -5 75 75 -13 -18 93 -26 -6 -32 -33 46 4 45 15 60 -36 -53 -33
-660 94
97 123
2354 36
-4063 125
-1692 0
-9896 27
-9475 92
6333 82
4557 95
2441 95
4524 64
-4364 22
-116 8
-73 12
9855 22
1099 0
44 291 8767
80 -74 -70 13 -99 95 -100 18 -8 -86 -87 30 -76 17 -42 87 5 -84 68 8 -3 -69 36 20 -63 88 -70 -47 -5 -96 78 -25 -70 58 88 82 2 39 -50 44 3 -37 -26 27 80 -18 -36 -15 -52 -69 43 45 -88 -72 -36 100 -85 -5 -98 -39 -51 30 -14 -70 -12 -77 -89 40 62 -39 -16 -85 -26 58 42 -46 90 56 -11 -63 37 -69 82 50 -40 97 49 -75 -59 52 -14 -60 -19 72 -30 19 96 -68 -41 7 -57 -7 22 18 -50 -86 72 90 70 -40 -74 7 -59 58 -94 1 4 55 27 45 -44 63 86 -12 35 -95 57 -20 -63 66 87 -19 -42 -41 49 -42 -77 -30 -53 43 30 -27 100 21 82 -95 73 -15 11 -1 -70 17 -89 66 -96 -4 71 12 76 59 -23 13 90 36 22 38 94 45 -93 -59 -13 -13 -36 -13 -93 -55 -58 80 31 53 -72 11 -30 91 -74 -76 -14 47 36 -38 5 -87 25 -56 -1 -54 32 -8 91 39 33 -73 76 48 14 34 93 7 -37 -27 -41 -58 84 -21 -68 -91 -46 -32 57 90 -20 -89 53 -96 -44 -49 -50 88 -6 91 -23 77 69 -98 24 -18 36 17 39 50 90 99 92 24 -73 74 -17 -19 -59 90 -29 22 -99 74 -24 -93 76 27 45 -31 -33 72 96 -65 75 20 -32 -40 87 -94 -91 26 55 51 -51 83 24 -17 -37 66 -28 -16 -63 -77 -92 13 -70 84 90 26 -98
-9963 154
-2659 120
-3907 133
-373 283
772 68
2194 114
-2628 25
-7811 224
-8069 64
8573 37
9742 40
-3484 205
-7543 201
-514 178
7965 138
8187 65
5257 171
-8517 153
6489 281
6352 247
-3789 85
229 172
2944 235
-9796 204
9279 214
8454 250
-9826 41
-2854 195
6341 198
9149 218
2115 17
6028 140
304 241
2443 233
6062 209
7775 30
-8941 30
-2981 145
-2138 47
6321 45
3442 39
-120 257
-2815 231
9968 93
57 473 9044
26 97 -53 -95 31 -64 -100 -83 69 -1 0 23 -16 -81 -95 -97 -19 -44 89 -99 -35 85 -30 52 57 -80 -75 -2 -40 -41 -96 36 -45 -49 42 36 -63 -8 3 -95 91 -98 -21 -76 72 -16 -73 -98 -9 -85 -97 6 50 -77 -43 -43 95 -67 55 -46 -8 59 90 -3 60 -19 83 98 23 -15 53 -37 -63 82 -63 60 -34 -86 62 7 -71 16 -88 30 -11 -80 37 -17 -47 -9 -13 -5 -100 -73 42 10 -42 24 -43 82 59 61 95 46 42 -68 5 58 -54 -83 -86 -74 -17 78 6 22 98 -58 -95 -100 -17 -8 -55 -67 -31 87 -6 28 -40 51 -41 69 -39 -47 -36 -97 -15 70 11 -18 37 26 8 70 3 64 -9 -50 -95 -54 -50 -12 -11 -55 -28 58 82 66 -15 -59 -34 44 60 28 48 -77 -19 83 43 92 -36 -21 17 22 99 70 -15 -10 -81 -10 36 -81 29 75 -36 51 33 -55 16 68 -64 82 -38 46 -41 -91 70 40 92 12 -18 -94 42 49 28 40 19 64 80 -12 -97 -34 -42 -18 -60 -28 -68 73 -32 48 -9 4 -20 53 -50 -11 62 70 80 3 -19 -39 9 73 60 88 -37 -72 1 -58 17 4 -42 25 87 -1 97 -82 -79 -36 17 12 19 47 -86 19 86 76 -12 65 -71 19 -75 -12 -58 36 -75 5 64 26 -3 -70 -70 56 55 67 -46 52 85 -75 66 -49 -12 -16 48 2 53 34 -72 -60 -2 -43 10 -26 -5 52 -91 21 -94 23 -54 3 54 -74 -42 8 93 -38 -91 28 -12 76 29 76 -91 -23 -23 63 61 -45 53 -42 -38 -38 -18 58 64 -59 -22 70 65 -26 -27 18 -49 31 76 -57 94 86 21 -69 61 -50 -94 70 -23 -67 -18 -63 -61 -65 -55 1 -3 28 -42 -89 19 -14 81 -17 11 -47 51 62 35 27 55 -22 -38 -24 9 73 26 -35 -8 53 -52 75 90 -13 -91 85 39 -44 12 97 -33 82 -67 99 -86 44 -99 16 5 36 -58 -91 64 -46 -15 -78 -74 61 -13 18 13 -14 -58 -48 23 -49 -63 -39 -42 -1 -92 -25 -20 -59 -27 -5 35 -75 -90 90 11 -98 99 -25 -94 -16 -3 -68 95 35 0 8 71 43 60 -7 44 97 55 52 -4 13 78 26 54 -50 71 -62 -75 31 -73 37 33 76 62 39 -41 -42 21 -46 43 72 12 13 -36
-8437 425
7812 302
-6480 193
-2913 312
-5278 140
-965 26
-3301 342
-9953 196
3745 181
-6155 387
7525 258
5227 189
-3690 90
-9435 178
-9345 349
-7714 51
8452 331
9070 204
-4434 288
-2817 252
3651 210
-4387 440
-3260 117
6801 386
280 15
6363 184
638 292
-5251 329
-5539 268
5105 309
7218 79
4776 180
-5071 389
-4918 403
-2557 369
-1775 367
2204 195
-1116 127
-3061 439
-6851 344
51 17
2464 196
8542 429
7636 159
-31 86
5560 103
3851 296
297 251
1622 137
6718 417
1364 97
-6121 81
-3778 380
-3768 339
-7831 398
-8458 268
-9946 207
91 493 8382
35 49 28 23 15 -9 96 -91 -77 -19 15 -84 -34 26 -65 -76 -73 71 66 17 -20 -37 -69 -39 -10 83 -21 -21 96 -24 -70 30 -76 58 -98 -11 -51 49 -1 -78 -71 -87 -61 -54 39 -76 -30 16 45 86 84 76 -52 -86 -64 -11 97 -34 18 42 42 48 -28 67 -44 -76 -95 5 73 4 -23 53 17 16 99 -95 -10 -82 -28 -65 -97 -45 -90 -99 -31 97 -60 -84 -38 58 58 55 -44 80 -29 12 -96 -24 67 27 81 -57 -21 -53 10 -23 -97 100 -55 -25 -66 99 30 95 51 99 92 91 65 -47 -1 -27 -93 55 -48 -72 -84 -94 5 83 34 -15 76 63 -18 -15 -60 -15 -15 -65 60 -31 -66 -11 -36 85 -62 -45 25 -98 -42 -77 -75 -84 28 -22 -56 44 -66 49 -24 68 84 -98 31 -34 -13 21 51 22 6 -39 92 40 50 -95 -26 38 -40 50 -9 18 73 16 -16 -49 44 29 45 79 -23 -79 -4 -89 -77 -74 -23 -40 -3 78 33 -97 -62 -26 -7 39 -21 18 -74 -11 -33 17 57 -61 84 -59 -60 27 70 86 5 97 -94 -99 58 80 78 -66 90 -75 63 22 79 51 96 -29 -11 -76 39 -34 13 -95 83 -30 96 16 11 -65 -57 -70 -80 -2 77 77 -51 35 6 78 69 -54 -98 -19 68 81 -68 14 -99 -29 -12 41 37 -99 -4 -30 -29 -9 36 32 27 79 62 -3 -73 38 -26 -24 -28 30 -47 92 76 -95 -78 -6 36 -46 58 38 -24 -55 -72 63 -54 24 83 -33 -85 19 99 -8 -53 10 39 -26 99 63 1 -80 -7 54 62 -82 10 85 12 -55 89 -31 33 -36 -35 61 78 11 -65 60 29 -50 -72 -23 -8 -24 88 -70 50 36 94 -50 56 -64 55 18 -46 -86 -48 17 -41 -60 86 93 -45 -100 3 -68 -38 38 42 91 38 71 -33 80 -54 -96 61 46 40 4 47 -54 40 1 64 44 -35 -85 -40 24 -95 97 -34 -40 97 20 -58 -42 -43 85 -52 46 5 -34 25 1 -30 -15 -54 -90 89 93 -44 -22 -57 70 -78 8 35 -18 83 40 -22 -52 51 -75 68 93 -17 76 77 -18 21 -69 48 96 32 -83 -69 79 78 70 21 84 -52 15 53 -30 -78 -63 2 -96 78 81 -97 -22 -95 21 -30 -62 -54 98 20 67 -72 -33 13 61 -65 44 -11 -88 13 -91 97 11 24 -1 81 -3 37 -67 -49 -36 64 -96 42 19 26 62 57 72 59 -73 -11
-8641 391
862 329
3582 484
-2015 149
5836 285
-6866 245
247 127
3956 395
-7468 233
-864 81
1009 413
-6685 429
-1716 323
-6223 184
-7631 209
-8045 290
4765 169
226 255
4203 7
-2574 451
4522 411
1236 343
-2484 179
-2953 191
4168 179
-553 331
3230 54
-2496 83
-6555 316
-2351 114
-2180 230
3264 36
-3858 428
8373 262
-858 99
-8455 133
-9922 320
9594 453
-8307 423
7644 122
264 125
-5243 106
1015 125
-1272 453
983 354
-6005 175
3423 182
-1171 194
1910 400
-2650 450
6721 276
-1565 414
-882 268
-1886 7
8389 227
-3329 400
-9711 480
5868 131
1131 99
-515 451
-1586 362
-5363 443
-8100 242
-4879 65
-9333 4
4862 352
-1192 308
7907 281
8767 52
-1263 179
5499 120
-472 231
4279 294
4534 414
-8847 455
-2477 252
-5061 208
1403 467
-653 48
-5631 4
2715 257
4843 425
-31 34
-6830 352
-7509 8
-390 262
1036 22
7499 430
5696 364
4445 114
9771 426
4 5 4
9 9 9 5 5
10 4
2 1
-10 1
7 3
2 255 5794
-96 82 58 62 26 -96 35 19 -73 -66 -1 -23 -41 98 70 33 -84 6 77 -52 60 88 -74 100 -15 -21 -2 -76 2 -88 44 -44 44 2 68 -31 6 -47 38 -17 -13 -64 60 47 84 -20 -71 -100 36 56 99 -5 43 -76 -56 78 -47 -8 -99 6 4 -4 62 98 98 30 -84 -47 33 54 37 -81 41 -54 16 24 -24 45 24 -88 0 23 -43 -58 -3 2 70 51 94 72 -44 -52 -33 68 -55 -86 -3 -38 -33 80 66 54 100 6 51 15 -70 77 -90 4 89 -40 77 97 -47 -26 -2 -78 -76 -59 94 -70 -61 -90 98 -65 75 -55 -53 93 -76 -88 46 -77 -31 -54 -11 -51 -77 -51 53 62 9 30 58 62 -97 -45 85 78 -53 28 -93 -14 -11 -96 -29 -37 100 18 -95 -76 31 52 98 50 48 -64 99 71 -15 51 33 45 -70 -10 -44 84 -4 -60 61 -7 19 68 29 58 23 -100 71 22 18 77 -4 99 -22 -6 48 -75 30 -4 47 66 98 -21 10 -73 19 66 -89 65 57 72 -93 -75 -10 37 83 63 37 53 -66 -96 -21 31 -97 57 -76 1 33 54 98 -21 19 95 8 79 72 77 45 83 42 -49 5 49 -24 45 -65 -42 7 72 61 41 77 -60 -29
69 36
-8033 166
64 275 8937
-5 -13 96 90 30 -71 -63 90 -74 -62 -8 68 68 -50 -68 -47 -46 53 4 29 25 -8 0 -6 46 -58 30 16 -51 55 -68 -6 -58 78 -17 72 -93 -29 61 -67 -41 -47 52 -74 -47 84 -21 8 -14 83 87 -90 -75 -13 4 21 -21 84 -64 28 39 -32 73 81 -55 -95 52 -98 -24 12 -64 35 15 88 61 69 21 90 -74 57 23 -88 17 48 -51 72 -32 -22 55 -46 -94 -7 22 29 -77 17 34 75 20 -90 -63 6 -5 52 -57 -94 -30 14 96 -4 -30 -32 -41 87 66 -42 58 -67 37 13 -63 -7 56 9 -79 80 -74 5 54 -4 15 41 52 61 -7 95 67 63 8 12 -91 78 81 -32 64 46 -24 -28 30 -88 85 17 -45 40 -74 -74 19 -98 32 -77 -52 97 64 100 57 -44 94 -27 70 -49 36 29 -72 -34 47 42 -89 -78 -87 -9 86 48 -92 -60 -12 85 -33 57 87 49 80 -66 45 44 84 -48 50 77 25 -31 -73 -90 98 -95 -24 44 47 -62 17 11 -21 2 -42 -63 -8 -4 -79 9 -47 58 -43 -68 42 53 26 25 -96 -74 -49 -21 -55 -72 -10 94 -67 66 -13 31 54 -97 -59 -67 5 -51 -30 98 46 -8 6 99 100 14 81 42 -34 -43 -34 -30 -67 -32 -1 -22 -4 89 -29 30 5 59 -90 -42 12 -99 -9 -83 -50
-8916 75
-3429 202
8119 54
-6043 0
9347 98
-6370 125
-8890 51
6978 48
7730 142
-1444 255
2635 91
-9438 13
-3284 138
-3954 98
3398 267
2676 198
8260 81
-659 42
6355 94
-8081 245
7084 178
2354 26
-6637 270
9688 152
9209 14
9731 55
-3257 185
-3838 250
-3596 8
5586 272
-7485 185
8005 220
4950 198
-9126 5
-5635 58
-2996 238
5785 99
-6637 68
2409 245
-2318 108
8736 78
-2819 271
1426 261
-3620 66
-728 73
-4927 147
7669 13
-9996 251
4145 260
-2358 257
1113 260
-6322 157
-8556 239
7209 178
7534 199
-4531 223
6024 204
-4532 21
-286 67
2720 62
-8745 180
-8065 125
-5408 207
5262 158
75 437 2959
-32 77 -7 -73 -2 93 -19 -32 21 -94 8 58 -38 56 -7 68 69 -13 -31 -2 71 46 80 -28 -61 28 37 45 52 46 -96 -81 -28 -53 98 71 -60 -22 -62 11 -16 -4 -82 46 -49 11 13 70 98 32 -32 19 -72 98 41 -33 -25 -22 62 -74 74 17 97 -54 64 94 67 54 -29 55 -86 55 -50 -68 -50 1 -7 63 -80 -59 -55 -62 60 -27 86 -50 -10 -39 28 -98 -13 -48 -31 -67 -2 83 -74 -86 -13 -3 69 1 -99 -82 -16 -49 -31 77 65 -11 -83 -91 28 27 -68 -37 28 -28 24 -45 -76 62 -43 -7 95 5 -24 72 19 13 -32 -13 -87 -80 5 -3 -29 74 -76 86 -87 92 45 -9 -31 77 54 97 100 -22 -99 74 -61 -41 -33 84 64 -7 55 -17 -95 74 70 69 94 -25 -84 -86 99 91 -100 -89 82 45 2 -50 -28 -94 97 -79 -16 99 95 -27 -43 -89 -44 -80 -46 62 -47 -91 35 -77 29 -22 -52 45 -8 -54 35 -58 -92 -34 38 -40 -33 60 -34 -37 31 0 -39 -25 73 18 -63 80 -11 -9 -9 42 1 -75 15 80 -47 63 24 -5 60 -92 -12 18 -76 76 78 -9 35 95 5 -85 -6 66 -10 -83 -66 27 47 -27 69 -63 -86 -81 -88 30 99 -35 -58 22 60 -99 -20 98 -31 4 73 -53 46 7 92 -50 -28 -65 66 63 -48 100 -61 99 -28 -93 -65 -63 -74 -53 17 -76 -38 59 -4 73 11 26 70 80 81 43 77 26 100 18 26 -28 54 -9 85 -95 -59 -77 55 -37 82 40 0 58 38 67 83 100 -24 -72 72 87 5 42 16 -15 -16 -57 61 -67 61 -14 5 -36 27 -11 -80 68 -37 75 82 -56 14 -19 -99 -49 -52 34 -99 24 13 73 -40 -83 -36 26 2 -2 69 -38 32 -20 -2 -64 44 -76 26 64 43 39 -12 24 83 53 55 34 54 53 -32 55 -74 81 -22 -64 98 42 63 -51 -60 -19 11 72 11 59 58 -45 33 -67 69 -75 72 -43 -1 54 -91 -46 -62 13 57 6 -32 34 -64 46 70 84 -63 -18 -68 -23 14 -7 99 -76 -49 57 -71 84 90 99 60 62 -95 -42 -35
2641 375
5703 376
-7659 86
-1812 96
-6097 246
-6984 351
-682 329
1152 279
-5775 84
2356 12
-6261 102
2286 427
1429 397
1231 121
2908 132
6254 305
768 426
5937 387
-753 71
-9324 60
-860 96
9414 347
6647 380
-435 97
-6257 35
-4995 243
-6066 354
-1405 87
4220 422
-4070 168
-5934 218
6396 430
-8420 280
1663 185
-9823 230
-2302 36
9752 364
1496 119
-4883 377
-9010 237
-3299 130
-6216 255
727 179
3440 263
5926 115
2073 426
-4727 30
8546 5
-9200 166
-4878 127
-3733 143
4016 187
-2628 351
-3863 279
293 229
-1209 410
6844 26
5071 211
2395 36
6238 76
5321 32
5753 288
6779 47
4889 275
-1774 387
-4002 74
-9729 272
-2047 65
-754 274
-2427 282
-1341 228
-6025 328
6380 385
-9485 264
4998 139
